Instance
HEVTSP 2 20 2 TW 4

Customers
20

Service Time (same as Distance for all Modes: combustion, combustion+charging, electric, combustion+electric) (Depot, 1, ..., N, Depot)
0, 3, 2, 5, 1, 8, 6, 10, 4, 6, 4, 2, 2, 3, 9, 6, 10, 9, 4, 5, 6, 0

Initial Charging
0

Max Charging (in Watt/h)
16800

Charging Rate (in Watt/h)
12000

Discharging Rate (in Watt/h)
48000

Coordinates (Used for GUI, not necessarily related to Distances, Time, Costs)
0, 0, 23110, 21890, 22870, 24680, 23670, 24740, 24450, 21580, 24770, 21400, 24920, 22460, 24450, 24410, 20490, 21660, 24230, 20170, 20560, 23720, 24140, 22670, 21890, 23250, 20770, 22680, 23360, 22240, 23340, 22170, 20720, 24060, 21310, 22620, 21530, 21250, 23150, 20630, 23350, 22110

Distances (Depot-Depot, Depot-1, Depot-..., Depot-N, 1-Depot, 1-1, ..., M-N)
0, 31831, 33647, 34239, 32611, 32734, 33548, 34549, 29816, 31527, 31390, 33116, 31933, 30753, 32254, 32191, 31752, 31077, 30251, 31008, 32157, 31831, 0, 2800, 2904, 1375, 1731, 1898, 2854, 2630, 2053, 3139, 1292, 1827, 2470, 430, 362, 3228, 1942, 1705, 1261, 326, 33647, 2800, 0, 802, 3479, 3791, 3022, 1603, 3845, 4711, 2502, 2378, 1734, 2900, 2489, 2554, 2238, 2584, 3682, 4060, 2614, 34239, 2904, 802, 0, 3255, 3516, 2600, 847, 4427, 4604, 3273, 2123, 2321, 3557, 2519, 2591, 3027, 3172, 4094, 4143, 2649, 32611, 1375, 3479, 3255, 0, 367, 998, 2830, 3961, 1427, 4440, 1133, 3057, 3841, 1274, 1257, 4479, 3308, 2939, 1610, 1221, 32734, 1731, 3791, 3516, 367, 0, 1071, 3027, 4288, 1343, 4807, 1418, 3423, 4200, 1641, 1624, 4845, 3669, 3243, 1794, 1588, 33548, 1898, 3022, 2600, 998, 1071, 0, 2006, 4502, 2392, 4538, 808, 3131, 4156, 1575, 1606, 4494, 3614, 3599, 2546, 1609, 34549, 2854, 1603, 847, 2830, 3027, 2006, 0, 4821, 4246, 3951, 1767, 2811, 4066, 2428, 2500, 3746, 3614, 4303, 3997, 2550, 29816, 2630, 3845, 4427, 3961, 4288, 4502, 4821, 0, 4026, 2061, 3787, 2119, 1058, 2928, 2895, 2411, 1263, 1118, 2852, 2895, 31527, 2053, 4711, 4604, 1427, 1343, 2392, 4246, 4026, 0, 5106, 2502, 3868, 4275, 2245, 2189, 5239, 3812, 2908, 1174, 2130, 31390, 3139, 2502, 3273, 4440, 4807, 4538, 3951, 2061, 5106, 0, 3731, 1411, 1061, 3167, 3183, 376, 1331, 2654, 4032, 3221, 33116, 1292, 2378, 2123, 1133, 1418, 808, 1767, 3787, 2502, 3731, 0, 2324, 3370, 891, 943, 3692, 2830, 2971, 2268, 968, 31933, 1827, 1734, 2321, 3057, 3423, 3131, 2811, 2119, 3868, 1411, 2324, 0, 1257, 1784, 1808, 1423, 856, 2032, 2907, 1852, 30753, 2470, 2900, 3557, 3841, 4200, 4156, 4066, 1058, 4275, 1061, 3370, 1257, 0, 2627, 2620, 1381, 543, 1619, 3141, 2642, 32254, 430, 2489, 2519, 1274, 1641, 1575, 2428, 2928, 2245, 3167, 891, 1784, 2627, 0, 73, 3207, 2085, 2081, 1624, 130, 32191, 362, 2554, 2591, 1257, 1624, 1606, 2500, 2895, 2189, 3183, 943, 1808, 2620, 73, 0, 3231, 2079, 2030, 1552, 61, 31752, 3228, 2238, 3027, 4479, 4845, 4494, 3746, 2411, 5239, 376, 3692, 1423, 1381, 3207, 3231, 0, 1556, 2924, 4204, 3274, 31077, 1942, 2584, 3172, 3308, 3669, 3614, 3614, 1263, 3812, 1331, 2830, 856, 543, 2085, 2079, 1556, 0, 1388, 2710, 2103, 30251, 1705, 3682, 4094, 2939, 3243, 3599, 4303, 1118, 2908, 2654, 2971, 2032, 1619, 2081, 2030, 2924, 1388, 0, 1735, 2013, 31008, 1261, 4060, 4143, 1610, 1794, 2546, 3997, 2852, 1174, 4032, 2268, 2907, 3141, 1624, 1552, 4204, 2710, 1735, 0, 1493, 32157, 326, 2614, 2649, 1221, 1588, 1609, 2550, 2895, 2130, 3221, 968, 1852, 2642, 130, 61, 3274, 2103, 2013, 1493, 0

Time (same as Distance for all Modes: combustion, combustion+charging, electric, combustion+electric)
0, 36.04, 38.09, 38.76, 36.92, 37.06, 37.98, 39.11, 33.75, 35.69, 35.54, 37.49, 36.15, 34.81, 36.51, 36.44, 35.95, 35.18, 34.25, 35.1, 36.4, 36.04, 0, 6.72, 6.97, 3.3, 4.15, 4.56, 6.85, 6.31, 4.93, 7.53, 3.1, 4.38, 5.93, 1.98, 1.67, 7.75, 4.66, 4.09, 3.03, 1.5, 38.09, 6.72, 0, 2.67, 8.35, 9.1, 7.25, 3.85, 9.23, 11.31, 6, 5.71, 4.16, 6.96, 5.97, 6.13, 5.37, 6.2, 8.84, 9.74, 6.27, 38.76, 6.97, 2.67, 0, 7.81, 8.44, 6.24, 2.82, 10.62, 11.05, 7.86, 5.1, 5.57, 8.54, 6.05, 6.22, 7.26, 7.61, 9.83, 9.94, 6.36, 36.92, 3.3, 8.35, 7.81, 0, 1.69, 3.33, 6.79, 9.51, 3.42, 10.66, 2.72, 7.34, 9.22, 3.06, 3.02, 10.75, 7.94, 7.05, 3.86, 2.93, 37.06, 4.15, 9.1, 8.44, 1.69, 0, 2.57, 7.26, 10.29, 3.22, 11.54, 3.4, 8.22, 10.08, 3.94, 3.9, 11.63, 8.81, 7.78, 4.31, 3.81, 37.98, 4.56, 7.25, 6.24, 3.33, 2.57, 0, 4.81, 10.8, 5.74, 10.89, 2.69, 7.51, 9.97, 3.78, 3.85, 10.79, 8.67, 8.64, 6.11, 3.86, 39.11, 6.85, 3.85, 2.82, 6.79, 7.26, 4.81, 0, 11.57, 10.19, 9.48, 4.24, 6.75, 9.76, 5.83, 6, 8.99, 8.67, 10.33, 9.59, 6.12, 33.75, 6.31, 9.23, 10.62, 9.51, 10.29, 10.8, 11.57, 0, 9.66, 4.95, 9.09, 5.09, 2.54, 7.03, 6.95, 5.79, 3.03, 2.68, 6.84, 6.95, 35.69, 4.93, 11.31, 11.05, 3.42, 3.22, 5.74, 10.19, 9.66, 0, 10.21, 6, 9.28, 10.26, 5.39, 5.25, 10.48, 9.15, 6.98, 2.82, 5.11, 35.54, 7.53, 6, 7.86, 10.66, 11.54, 10.89, 9.48, 4.95, 10.21, 0, 8.95, 3.39, 2.55, 7.6, 7.64, 1.74, 3.19, 6.37, 9.68, 7.73, 37.49, 3.1, 5.71, 5.1, 2.72, 3.4, 2.69, 4.24, 9.09, 6, 8.95, 0, 5.58, 8.09, 2.97, 3.14, 8.86, 6.79, 7.13, 5.44, 3.23, 36.15, 4.38, 4.16, 5.57, 7.34, 8.22, 7.51, 6.75, 5.09, 9.28, 3.39, 5.58, 0, 3.02, 4.28, 4.34, 3.42, 2.85, 4.88, 6.98, 4.44, 34.81, 5.93, 6.96, 8.54, 9.22, 10.08, 9.97, 9.76, 2.54, 10.26, 2.55, 8.09, 3.02, 0, 6.3, 6.29, 3.31, 1.81, 3.89, 7.54, 6.34, 36.51, 1.98, 5.97, 6.05, 3.06, 3.94, 3.78, 5.83, 7.03, 5.39, 7.6, 2.97, 4.28, 6.3, 0, 0.44, 7.7, 5, 4.99, 3.9, 0.6, 36.44, 1.67, 6.13, 6.22, 3.02, 3.9, 3.85, 6, 6.95, 5.25, 7.64, 3.14, 4.34, 6.29, 0.44, 0, 7.75, 4.99, 4.87, 3.72, 0.37, 35.95, 7.75, 5.37, 7.26, 10.75, 11.63, 10.79, 8.99, 5.79, 10.48, 1.74, 8.86, 3.42, 3.31, 7.7, 7.75, 0, 3.73, 7.02, 10.09, 7.86, 35.18, 4.66, 6.2, 7.61, 7.94, 8.81, 8.67, 8.67, 3.03, 9.15, 3.19, 6.79, 2.85, 1.81, 5, 4.99, 3.73, 0, 3.33, 6.5, 5.05, 34.25, 4.09, 8.84, 9.83, 7.05, 7.78, 8.64, 10.33, 2.68, 6.98, 6.37, 7.13, 4.88, 3.89, 4.99, 4.87, 7.02, 3.33, 0, 4.16, 4.83, 35.1, 3.03, 9.74, 9.94, 3.86, 4.31, 6.11, 9.59, 6.84, 2.82, 9.68, 5.44, 6.98, 7.54, 3.9, 3.72, 10.09, 6.5, 4.16, 0, 3.58, 36.4, 1.5, 6.27, 6.36, 2.93, 3.81, 3.86, 6.12, 6.95, 5.11, 7.73, 3.23, 4.44, 6.34, 0.6, 0.37, 7.86, 5.05, 4.83, 3.58, 0, 0, 38.2, 40.38, 41.09, 39.13, 39.28, 40.26, 41.46, 35.78, 37.83, 37.67, 39.74, 38.32, 36.9, 38.7, 38.63, 38.1, 37.29, 36.3, 37.21, 38.59, 38.2, 0, 7.3, 7.58, 3.59, 4.52, 4.95, 7.45, 6.86, 5.36, 8.19, 3.37, 4.77, 6.44, 2.15, 1.81, 8.42, 5.07, 4.45, 3.29, 1.63, 40.38, 7.3, 0, 2.83, 9.08, 9.89, 7.88, 4.18, 10.03, 12.29, 6.53, 6.2, 4.52, 7.57, 6.49, 6.66, 5.84, 6.74, 9.61, 10.59, 6.82, 41.09, 7.58, 2.83, 0, 8.49, 9.17, 6.78, 2.99, 11.55, 12.01, 8.54, 5.54, 6.05, 9.28, 6.57, 6.76, 7.9, 8.27, 10.68, 10.81, 6.91, 39.13, 3.59, 9.08, 8.49, 0, 1.84, 3.52, 7.38, 10.33, 3.72, 11.58, 2.96, 7.97, 10.02, 3.32, 3.28, 11.68, 8.63, 7.67, 4.2, 3.19, 39.28, 4.52, 9.89, 9.17, 1.84, 0, 2.79, 7.9, 11.19, 3.5, 12.54, 3.7, 8.93, 10.96, 4.28, 4.24, 12.64, 9.57, 8.46, 4.68, 4.14, 40.26, 4.95, 7.88, 6.78, 3.52, 2.79, 0, 5.23, 11.74, 6.24, 11.84, 2.85, 8.17, 10.84, 4.11, 4.19, 11.72, 9.43, 9.39, 6.64, 4.2, 41.46, 7.45, 4.18, 2.99, 7.38, 7.9, 5.23, 0, 12.58, 11.08, 10.31, 4.61, 7.33, 10.61, 6.33, 6.52, 9.77, 9.43, 11.23, 10.43, 6.65, 35.78, 6.86, 10.03, 11.55, 10.33, 11.19, 11.74, 12.58, 0, 10.5, 5.38, 9.88, 5.53, 2.76, 7.64, 7.55, 6.29, 3.29, 2.92, 7.44, 7.55, 37.83, 5.36, 12.29, 12.01, 3.72, 3.5, 6.24, 11.08, 10.5, 0, 11.35, 6.53, 10.09, 11.15, 5.86, 5.71, 11.64, 9.94, 7.59, 3.06, 5.56, 37.67, 8.19, 6.53, 8.54, 11.58, 12.54, 11.84, 10.31, 5.38, 11.35, 0, 9.73, 3.68, 2.77, 8.26, 8.3, 1.88, 3.47, 6.92, 10.52, 8.4, 39.74, 3.37, 6.2, 5.54, 2.96, 3.7, 2.85, 4.61, 9.88, 6.53, 9.73, 0, 6.06, 8.79, 3.14, 3.33, 9.63, 7.38, 7.75, 5.92, 3.42, 38.32, 4.77, 4.52, 6.05, 7.97, 8.93, 8.17, 7.33, 5.53, 10.09, 3.68, 6.06, 0, 3.28, 4.65, 4.72, 3.71, 3.02, 5.3, 7.58, 4.83, 36.9, 6.44, 7.57, 9.28, 10.02, 10.96, 10.84, 10.61, 2.76, 11.15, 2.77, 8.79, 3.28, 0, 6.85, 6.83, 3.6, 1.92, 4.22, 8.19, 6.89, 38.7, 2.15, 6.49, 6.57, 3.32, 4.28, 4.11, 6.33, 7.64, 5.86, 8.26, 3.14, 4.65, 6.85, 0, 0.44, 8.37, 5.44, 5.43, 4.24, 0.65, 38.63, 1.81, 6.66, 6.76, 3.28, 4.24, 4.19, 6.52, 7.55, 5.71, 8.3, 3.33, 4.72, 6.83, 0.44, 0, 8.43, 5.42, 5.3, 4.05, 0.37, 38.1, 8.42, 5.84, 7.9, 11.68, 12.64, 11.72, 9.77, 6.29, 11.64, 1.88, 9.63, 3.71, 3.6, 8.37, 8.43, 0, 4.06, 7.63, 10.97, 8.54, 37.29, 5.07, 6.74, 8.27, 8.63, 9.57, 9.43, 9.43, 3.29, 9.94, 3.47, 7.38, 3.02, 1.92, 5.44, 5.42, 4.06, 0, 3.62, 7.07, 5.49, 36.3, 4.45, 9.61, 10.68, 7.67, 8.46, 9.39, 11.23, 2.92, 7.59, 6.92, 7.75, 5.3, 4.22, 5.43, 5.3, 7.63, 3.62, 0, 4.53, 5.25, 37.21, 3.29, 10.59, 10.81, 4.2, 4.68, 6.64, 10.43, 7.44, 3.06, 10.52, 5.92, 7.58, 8.19, 4.24, 4.05, 10.97, 7.07, 4.53, 0, 3.89, 38.59, 1.63, 6.82, 6.91, 3.19, 4.14, 4.2, 6.65, 7.55, 5.56, 8.4, 3.42, 4.83, 6.89, 0.65, 0.37, 8.54, 5.49, 5.25, 3.89, 0, 0, 40.64, 42.95, 43.71, 41.63, 41.79, 42.83, 44.11, 38.06, 40.25, 40.07, 42.28, 40.77, 39.26, 41.18, 41.09, 40.53, 39.67, 38.62, 39.58, 41.05, 40.64, 0, 8, 8.3, 3.93, 4.95, 5.42, 8.15, 7.51, 5.87, 8.97, 3.69, 5.22, 7.06, 2.35, 1.97, 9.22, 5.55, 4.87, 3.6, 1.78, 42.95, 8, 0, 3.01, 9.94, 10.83, 8.63, 4.58, 10.99, 13.46, 7.15, 6.79, 4.95, 8.29, 7.11, 7.3, 6.39, 7.38, 10.52, 11.6, 7.47, 43.71, 8.3, 3.01, 0, 9.3, 10.05, 7.43, 3.18, 12.65, 13.15, 9.35, 6.07, 6.63, 10.16, 7.2, 7.4, 8.65, 9.06, 11.7, 11.84, 7.57, 41.63, 3.93, 9.94, 9.3, 0, 2, 3.74, 8.09, 11.32, 4.08, 12.69, 3.24, 8.73, 10.97, 3.64, 3.59, 12.8, 9.45, 8.4, 4.6, 3.49, 41.79, 4.95, 10.83, 10.05, 2, 0, 3.06, 8.65, 12.25, 3.84, 13.73, 4.05, 9.78, 12, 4.69, 4.64, 13.84, 10.48, 9.27, 5.13, 4.54, 42.83, 5.42, 8.63, 7.43, 3.74, 3.06, 0, 5.73, 12.86, 6.83, 12.97, 3.03, 8.95, 11.87, 4.5, 4.59, 12.84, 10.33, 10.28, 7.27, 4.6, 44.11, 8.15, 4.58, 3.18, 8.09, 8.65, 5.73, 0, 13.77, 12.13, 11.29, 5.05, 8.03, 11.62, 6.94, 7.14, 10.7, 10.33, 12.29, 11.42, 7.29, 38.06, 7.51, 10.99, 12.65, 11.32, 12.25, 12.86, 13.77, 0, 11.5, 5.89, 10.82, 6.05, 3.02, 8.37, 8.27, 6.89, 3.61, 3.19, 8.15, 8.27, 40.25, 5.87, 13.46, 13.15, 4.08, 3.84, 6.83, 12.13, 11.5, 0, 12.77, 7.15, 11.05, 12.21, 6.41, 6.25, 13.1, 10.89, 8.31, 3.35, 6.09, 40.07, 8.97, 7.15, 9.35, 12.69, 13.73, 12.97, 11.29, 5.89, 12.77, 0, 10.66, 4.03, 3.03, 9.05, 9.09, 2.05, 3.8, 7.58, 11.52, 9.2, 42.28, 3.69, 6.79, 6.07, 3.24, 4.05, 3.03, 5.05, 10.82, 7.15, 10.66, 0, 6.64, 9.63, 3.34, 3.54, 10.55, 8.09, 8.49, 6.48, 3.63, 40.77, 5.22, 4.95, 6.63, 8.73, 9.78, 8.95, 8.03, 6.05, 11.05, 4.03, 6.64, 0, 3.59, 5.1, 5.17, 4.07, 3.21, 5.81, 8.31, 5.29, 39.26, 7.06, 8.29, 10.16, 10.97, 12, 11.87, 11.62, 3.02, 12.21, 3.03, 9.63, 3.59, 0, 7.51, 7.49, 3.95, 2.04, 4.63, 8.97, 7.55, 41.18, 2.35, 7.11, 7.2, 3.64, 4.69, 4.5, 6.94, 8.37, 6.41, 9.05, 3.34, 5.1, 7.51, 0, 0.44, 9.16, 5.96, 5.95, 4.64, 0.71, 41.09, 1.97, 7.3, 7.4, 3.59, 4.64, 4.59, 7.14, 8.27, 6.25, 9.09, 3.54, 5.17, 7.49, 0.44, 0, 9.23, 5.94, 5.8, 4.43, 0.37, 40.53, 9.22, 6.39, 8.65, 12.8, 13.84, 12.84, 10.7, 6.89, 13.1, 2.05, 10.55, 4.07, 3.95, 9.16, 9.23, 0, 4.45, 8.35, 12.01, 9.35, 39.67, 5.55, 7.38, 9.06, 9.45, 10.48, 10.33, 10.33, 3.61, 10.89, 3.8, 8.09, 3.21, 2.04, 5.96, 5.94, 4.45, 0, 3.97, 7.74, 6.01, 38.62, 4.87, 10.52, 11.7, 8.4, 9.27, 10.28, 12.29, 3.19, 8.31, 7.58, 8.49, 5.81, 4.63, 5.95, 5.8, 8.35, 3.97, 0, 4.96, 5.75, 39.58, 3.6, 11.6, 11.84, 4.6, 5.13, 7.27, 11.42, 8.15, 3.35, 11.52, 6.48, 8.31, 8.97, 4.64, 4.43, 12.01, 7.74, 4.96, 0, 4.27, 41.05, 1.78, 7.47, 7.57, 3.49, 4.54, 4.6, 7.29, 8.27, 6.09, 9.2, 3.63, 5.29, 7.55, 0.71, 0.37, 9.35, 6.01, 5.75, 4.27, 0, 0, 34.1, 36.05, 36.68, 34.94, 35.07, 35.94, 37.02, 31.95, 33.78, 33.63, 35.48, 34.21, 32.95, 34.56, 34.49, 34.02, 33.3, 32.41, 33.22, 34.45, 34.1, 0, 6.22, 6.45, 3.06, 3.85, 4.22, 6.34, 5.84, 4.56, 6.98, 2.87, 4.06, 5.49, 1.84, 1.55, 7.17, 4.32, 3.79, 2.8, 1.4, 36.05, 6.22, 0, 2.53, 7.73, 8.42, 6.72, 3.56, 8.54, 10.47, 5.56, 5.28, 3.85, 6.44, 5.53, 5.68, 4.97, 5.74, 8.18, 9.02, 5.81, 36.68, 6.45, 2.53, 0, 7.23, 7.81, 5.78, 2.67, 9.84, 10.23, 7.27, 4.72, 5.16, 7.9, 5.6, 5.76, 6.73, 7.05, 9.1, 9.21, 5.89, 34.94, 3.06, 7.73, 7.23, 0, 1.57, 3.15, 6.29, 8.8, 3.17, 9.87, 2.52, 6.79, 8.54, 2.83, 2.79, 9.95, 7.35, 6.53, 3.58, 2.71, 35.07, 3.85, 8.42, 7.81, 1.57, 0, 2.38, 6.73, 9.53, 2.98, 10.68, 3.15, 7.61, 9.33, 3.65, 3.61, 10.77, 8.15, 7.21, 3.99, 3.53, 35.94, 4.22, 6.72, 5.78, 3.15, 2.38, 0, 4.46, 10, 5.32, 10.08, 2.55, 6.96, 9.24, 3.5, 3.57, 9.99, 8.03, 8, 5.66, 3.58, 37.02, 6.34, 3.56, 2.67, 6.29, 6.73, 4.46, 0, 10.71, 9.44, 8.78, 3.93, 6.25, 9.04, 5.4, 5.56, 8.32, 8.03, 9.56, 8.88, 5.67, 31.95, 5.84, 8.54, 9.84, 8.8, 9.53, 10, 10.71, 0, 8.95, 4.58, 8.42, 4.71, 2.35, 6.51, 6.43, 5.36, 2.81, 2.48, 6.34, 6.43, 33.78, 4.56, 10.47, 10.23, 3.17, 2.98, 5.32, 9.44, 8.95, 0, 9.28, 5.56, 8.6, 9.5, 4.99, 4.86, 9.53, 8.47, 6.46, 2.61, 4.73, 33.63, 6.98, 5.56, 7.27, 9.87, 10.68, 10.08, 8.78, 4.58, 9.28, 0, 8.29, 3.14, 2.36, 7.04, 7.07, 1.61, 2.96, 5.9, 8.96, 7.16, 35.48, 2.87, 5.28, 4.72, 2.52, 3.15, 2.55, 3.93, 8.42, 5.56, 8.29, 0, 5.16, 7.49, 2.81, 2.98, 8.2, 6.29, 6.6, 5.04, 3.06, 34.21, 4.06, 3.85, 5.16, 6.79, 7.61, 6.96, 6.25, 4.71, 8.6, 3.14, 5.16, 0, 2.79, 3.96, 4.02, 3.16, 2.7, 4.52, 6.46, 4.12, 32.95, 5.49, 6.44, 7.9, 8.54, 9.33, 9.24, 9.04, 2.35, 9.5, 2.36, 7.49, 2.79, 0, 5.84, 5.82, 3.07, 1.71, 3.6, 6.98, 5.87, 34.56, 1.84, 5.53, 5.6, 2.83, 3.65, 3.5, 5.4, 6.51, 4.99, 7.04, 2.81, 3.96, 5.84, 0, 0.44, 7.13, 4.63, 4.62, 3.61, 0.56, 34.49, 1.55, 5.68, 5.76, 2.79, 3.61, 3.57, 5.56, 6.43, 4.86, 7.07, 2.98, 4.02, 5.82, 0.44, 0, 7.18, 4.62, 4.51, 3.45, 0.37, 34.02, 7.17, 4.97, 6.73, 9.95, 10.77, 9.99, 8.32, 5.36, 9.53, 1.61, 8.2, 3.16, 3.07, 7.13, 7.18, 0, 3.46, 6.5, 9.34, 7.28, 33.3, 4.32, 5.74, 7.05, 7.35, 8.15, 8.03, 8.03, 2.81, 8.47, 2.96, 6.29, 2.7, 1.71, 4.63, 4.62, 3.46, 0, 3.08, 6.02, 4.67, 32.41, 3.79, 8.18, 9.1, 6.53, 7.21, 8, 9.56, 2.48, 6.46, 5.9, 6.6, 4.52, 3.6, 4.62, 4.51, 6.5, 3.08, 0, 3.86, 4.47, 33.22, 2.8, 9.02, 9.21, 3.58, 3.99, 5.66, 8.88, 6.34, 2.61, 8.96, 5.04, 6.46, 6.98, 3.61, 3.45, 9.34, 6.02, 3.86, 0, 3.32, 34.45, 1.4, 5.81, 5.89, 2.71, 3.53, 3.58, 5.67, 6.43, 4.73, 7.16, 3.06, 4.12, 5.87, 0.56, 0.37, 7.28, 4.67, 4.47, 3.32, 0

Costs (same as Distance for all Modes: combustion, combustion+charging, electric, combustion+electric)
0, 3183.15, 3364.73, 3423.94, 3261.13, 3273.4, 3354.78, 3454.92, 2981.6, 3152.65, 3139.03, 3311.6, 3193.33, 3075.35, 3225.38, 3219.11, 3175.22, 3107.7, 3025.07, 3100.84, 3215.7, 3183.15, 0, 280.03, 290.45, 137.54, 173.08, 189.76, 285.41, 263.01, 205.25, 313.87, 129.2, 182.7, 246.98, 43.01, 36.24, 322.82, 194.24, 170.47, 126.06, 32.56, 3364.73, 280.03, 0, 80.22, 347.94, 379.06, 302.17, 160.29, 384.51, 471.06, 250.15, 237.76, 173.36, 290, 248.87, 255.36, 223.76, 258.4, 368.25, 405.97, 261.44, 3423.94, 290.45, 80.22, 0, 325.48, 351.65, 260.02, 84.69, 442.71, 460.42, 327.3, 212.27, 232.13, 355.72, 251.91, 259.11, 302.74, 317.24, 409.39, 414.28, 264.94, 3261.13, 137.54, 347.94, 325.48, 0, 36.72, 99.76, 283, 396.08, 142.71, 443.98, 113.32, 305.66, 384.09, 127.42, 125.71, 447.92, 330.77, 293.86, 161.01, 122.1, 3273.4, 173.08, 379.06, 351.65, 36.72, 0, 107.06, 302.7, 428.79, 134.33, 480.69, 141.77, 342.3, 419.98, 164.12, 162.41, 484.54, 366.88, 324.35, 179.37, 158.76, 3354.78, 189.76, 302.17, 260.02, 99.76, 107.06, 0, 200.58, 450.17, 239.17, 453.84, 80.78, 313.13, 415.58, 157.54, 160.64, 449.44, 361.35, 359.95, 254.59, 160.85, 3454.92, 285.41, 160.29, 84.69, 283, 302.7, 200.58, 0, 482.12, 424.57, 395.07, 176.74, 281.06, 406.64, 242.84, 249.99, 374.64, 361.44, 430.26, 399.73, 254.95, 2981.6, 263.01, 384.51, 442.71, 396.08, 428.79, 450.17, 482.12, 0, 402.59, 206.12, 378.72, 211.85, 105.77, 292.8, 289.53, 241.1, 126.25, 111.79, 285.25, 289.52, 3152.65, 205.25, 471.06, 460.42, 142.71, 134.33, 239.17, 424.57, 402.59, 0, 510.6, 250.16, 386.81, 427.45, 224.54, 218.91, 523.95, 381.17, 290.8, 117.39, 213.03, 3139.03, 313.87, 250.15, 327.3, 443.98, 480.69, 453.84, 395.07, 206.12, 510.6, 0, 373.08, 141.06, 106.1, 316.71, 318.29, 37.58, 133.14, 265.36, 403.19, 322.12, 3311.6, 129.2, 237.76, 212.27, 113.32, 141.77, 80.78, 176.74, 378.72, 250.16, 373.08, 0, 232.36, 337, 89.07, 94.34, 369.17, 283.04, 297.13, 226.75, 96.83, 3193.33, 182.7, 173.36, 232.13, 305.66, 342.3, 313.13, 281.06, 211.85, 386.81, 141.06, 232.36, 0, 125.67, 178.35, 180.8, 142.3, 85.63, 203.21, 290.72, 185.23, 3075.35, 246.98, 290, 355.72, 384.09, 419.98, 415.58, 406.64, 105.77, 427.45, 106.1, 337, 125.67, 0, 262.71, 262.01, 138.09, 54.33, 161.94, 314.12, 264.22, 3225.38, 43.01, 248.87, 251.91, 127.42, 164.12, 157.54, 242.84, 292.8, 224.54, 316.71, 89.07, 178.35, 262.71, 0, 7.28, 320.66, 208.49, 208.06, 162.36, 13.04, 3219.11, 36.24, 255.36, 259.11, 125.71, 162.41, 160.64, 249.99, 289.53, 218.91, 318.29, 94.34, 180.8, 262.01, 7.28, 0, 323.06, 207.93, 203.04, 155.17, 6.08, 3175.22, 322.82, 223.76, 302.74, 447.92, 484.54, 449.44, 374.64, 241.1, 523.95, 37.58, 369.17, 142.3, 138.09, 320.66, 323.06, 0, 155.62, 292.44, 420.35, 327.4, 3107.7, 194.24, 258.4, 317.24, 330.77, 366.88, 361.35, 361.44, 126.25, 381.17, 133.14, 283.04, 85.63, 54.33, 208.49, 207.93, 155.62, 0, 138.76, 271.03, 210.28, 3025.07, 170.47, 368.25, 409.39, 293.86, 324.35, 359.95, 430.26, 111.79, 290.8, 265.36, 297.13, 203.21, 161.94, 208.06, 203.04, 292.44, 138.76, 0, 173.46, 201.3, 3100.84, 126.06, 405.97, 414.28, 161.01, 179.37, 254.59, 399.73, 285.25, 117.39, 403.19, 226.75, 290.72, 314.12, 162.36, 155.17, 420.35, 271.03, 173.46, 0, 149.35, 3215.7, 32.56, 261.44, 264.94, 122.1, 158.76, 160.85, 254.95, 289.52, 213.03, 322.12, 96.83, 185.23, 264.22, 13.04, 6.08, 327.4, 210.28, 201.3, 149.35, 0, 0, 3501.41, 3701.17, 3766.29, 3587.21, 3600.74, 3690.28, 3800.39, 3279.76, 3467.97, 3452.9, 3642.76, 3512.63, 3382.83, 3547.94, 3541.01, 3492.72, 3418.47, 3327.61, 3410.88, 3537.27, 3501.41, 0, 308, 319.44, 151.25, 190.41, 208.78, 313.94, 289.3, 225.83, 345.29, 142.12, 200.97, 271.7, 47.3, 39.82, 355.08, 213.62, 187.55, 138.71, 35.86, 3701.17, 308, 0, 88.22, 382.69, 417.01, 332.42, 176.33, 422.95, 518.21, 275.22, 261.58, 190.74, 319, 273.79, 280.94, 246.18, 284.24, 405.02, 446.6, 287.54, 3766.29, 319.44, 88.22, 0, 358.05, 386.76, 286, 93.17, 486.97, 506.44, 360.03, 233.53, 255.31, 391.27, 277.09, 285.01, 332.97, 348.92, 450.34, 455.73, 291.39, 3587.21, 151.25, 382.69, 358.05, 0, 40.37, 109.78, 311.3, 435.71, 156.97, 488.4, 124.63, 336.27, 422.51, 140.14, 138.27, 492.69, 363.88, 323.29, 177.1, 134.31, 3600.74, 190.41, 417.01, 386.76, 40.37, 0, 117.81, 332.97, 471.68, 147.73, 528.77, 155.98, 376.53, 462, 180.51, 178.64, 532.95, 403.59, 356.73, 197.34, 174.68, 3690.28, 208.78, 332.42, 286, 109.78, 117.81, 0, 220.66, 495.22, 263.12, 499.18, 88.88, 344.41, 457.16, 173.25, 176.66, 494.34, 397.54, 395.89, 280.06, 176.99, 3800.39, 313.94, 176.33, 93.17, 311.3, 332.97, 220.66, 0, 530.31, 467.06, 434.61, 194.37, 309.21, 447.26, 267.08, 275, 412.06, 397.54, 473.33, 439.67, 280.5, 3279.76, 289.3, 422.95, 486.97, 435.71, 471.68, 495.22, 530.31, 0, 442.86, 226.71, 416.57, 233.09, 116.38, 322.08, 318.45, 265.21, 138.93, 122.98, 313.72, 318.45, 3467.97, 225.83, 518.21, 506.44, 156.97, 147.73, 263.12, 467.06, 442.86, 0, 561.66, 275.22, 425.48, 470.25, 246.95, 240.79, 576.29, 419.32, 319.88, 129.14, 234.3, 3452.9, 345.29, 275.22, 360.03, 488.4, 528.77, 499.18, 434.61, 226.71, 561.66, 0, 410.41, 155.21, 116.71, 348.37, 350.13, 41.36, 146.41, 291.94, 443.52, 354.31, 3642.76, 142.12, 261.58, 233.53, 124.63, 155.98, 88.88, 194.37, 416.57, 275.22, 410.41, 0, 255.64, 370.7, 98.01, 103.73, 406.12, 311.3, 326.81, 249.48, 106.48, 3512.63, 200.97, 190.74, 255.31, 336.27, 376.53, 344.41, 309.21, 233.09, 425.48, 155.21, 255.64, 0, 138.27, 196.24, 198.88, 156.53, 94.16, 223.52, 319.77, 203.72, 3382.83, 271.7, 319, 391.27, 422.51, 462, 457.16, 447.26, 116.38, 470.25, 116.71, 370.7, 138.27, 0, 288.97, 288.2, 151.91, 59.73, 178.09, 345.51, 290.62, 3547.94, 47.3, 273.79, 277.09, 140.14, 180.51, 173.25, 267.08, 322.08, 246.95, 348.37, 98.01, 196.24, 288.97, 0, 8.03, 352.77, 229.35, 228.91, 178.64, 14.3, 3541.01, 39.82, 280.94, 285.01, 138.27, 178.64, 176.66, 275, 318.45, 240.79, 350.13, 103.73, 198.88, 288.2, 8.03, 0, 355.41, 228.69, 223.3, 170.72, 6.71, 3492.72, 355.08, 246.18, 332.97, 492.69, 532.95, 494.34, 412.06, 265.21, 576.29, 41.36, 406.12, 156.53, 151.91, 352.77, 355.41, 0, 171.16, 321.64, 462.44, 360.14, 3418.47, 213.62, 284.24, 348.92, 363.88, 403.59, 397.54, 397.54, 138.93, 419.32, 146.41, 311.3, 94.16, 59.73, 229.35, 228.69, 171.16, 0, 152.68, 298.1, 231.33, 3327.61, 187.55, 405.02, 450.34, 323.29, 356.73, 395.89, 473.33, 122.98, 319.88, 291.94, 326.81, 223.52, 178.09, 228.91, 223.3, 321.64, 152.68, 0, 190.85, 221.43, 3410.88, 138.71, 446.6, 455.73, 177.1, 197.34, 280.06, 439.67, 313.72, 129.14, 443.52, 249.48, 319.77, 345.51, 178.64, 170.72, 462.44, 298.1, 190.85, 0, 164.23, 3537.27, 35.86, 287.54, 291.39, 134.31, 174.68, 176.99, 280.5, 318.45, 234.3, 354.31, 106.48, 203.72, 290.62, 14.3, 6.71, 360.14, 231.33, 221.43, 164.23, 0, 0, 636.62, 672.94, 684.78, 652.22, 654.68, 670.96, 690.98, 596.32, 630.54, 627.8, 662.32, 638.66, 615.06, 645.08, 643.82, 635.04, 621.54, 605.02, 620.16, 643.14, 636.62, 0, 56, 58.08, 27.5, 34.62, 37.96, 57.08, 52.6, 41.06, 62.78, 25.84, 36.54, 49.4, 8.6, 7.24, 64.56, 38.84, 34.1, 25.22, 6.52, 672.94, 56, 0, 16.04, 69.58, 75.82, 60.44, 32.06, 76.9, 94.22, 50.04, 47.56, 34.68, 58, 49.78, 51.08, 44.76, 51.68, 73.64, 81.2, 52.28, 684.78, 58.08, 16.04, 0, 65.1, 70.32, 52, 16.94, 88.54, 92.08, 65.46, 42.46, 46.42, 71.14, 50.38, 51.82, 60.54, 63.44, 81.88, 82.86, 52.98, 652.22, 27.5, 69.58, 65.1, 0, 7.34, 19.96, 56.6, 79.22, 28.54, 88.8, 22.66, 61.14, 76.82, 25.48, 25.14, 89.58, 66.16, 58.78, 32.2, 24.42, 654.68, 34.62, 75.82, 70.32, 7.34, 0, 21.42, 60.54, 85.76, 26.86, 96.14, 28.36, 68.46, 84, 32.82, 32.48, 96.9, 73.38, 64.86, 35.88, 31.76, 670.96, 37.96, 60.44, 52, 19.96, 21.42, 0, 40.12, 90.04, 47.84, 90.76, 16.16, 62.62, 83.12, 31.5, 32.12, 89.88, 72.28, 71.98, 50.92, 32.18, 690.98, 57.08, 32.06, 16.94, 56.6, 60.54, 40.12, 0, 96.42, 84.92, 79.02, 35.34, 56.22, 81.32, 48.56, 50, 74.92, 72.28, 86.06, 79.94, 51, 596.32, 52.6, 76.9, 88.54, 79.22, 85.76, 90.04, 96.42, 0, 80.52, 41.22, 75.74, 42.38, 21.16, 58.56, 57.9, 48.22, 25.26, 22.36, 57.04, 57.9, 630.54, 41.06, 94.22, 92.08, 28.54, 26.86, 47.84, 84.92, 80.52, 0, 102.12, 50.04, 77.36, 85.5, 44.9, 43.78, 104.78, 76.24, 58.16, 23.48, 42.6, 627.8, 62.78, 50.04, 65.46, 88.8, 96.14, 90.76, 79.02, 41.22, 102.12, 0, 74.62, 28.22, 21.22, 63.34, 63.66, 7.52, 26.62, 53.08, 80.64, 64.42, 662.32, 25.84, 47.56, 42.46, 22.66, 28.36, 16.16, 35.34, 75.74, 50.04, 74.62, 0, 46.48, 67.4, 17.82, 18.86, 73.84, 56.6, 59.42, 45.36, 19.36, 638.66, 36.54, 34.68, 46.42, 61.14, 68.46, 62.62, 56.22, 42.38, 77.36, 28.22, 46.48, 0, 25.14, 35.68, 36.16, 28.46, 17.12, 40.64, 58.14, 37.04, 615.06, 49.4, 58, 71.14, 76.82, 84, 83.12, 81.32, 21.16, 85.5, 21.22, 67.4, 25.14, 0, 52.54, 52.4, 27.62, 10.86, 32.38, 62.82, 52.84, 645.08, 8.6, 49.78, 50.38, 25.48, 32.82, 31.5, 48.56, 58.56, 44.9, 63.34, 17.82, 35.68, 52.54, 0, 1.46, 64.14, 41.7, 41.62, 32.48, 2.6, 643.82, 7.24, 51.08, 51.82, 25.14, 32.48, 32.12, 50, 57.9, 43.78, 63.66, 18.86, 36.16, 52.4, 1.46, 0, 64.62, 41.58, 40.6, 31.04, 1.22, 635.04, 64.56, 44.76, 60.54, 89.58, 96.9, 89.88, 74.92, 48.22, 104.78, 7.52, 73.84, 28.46, 27.62, 64.14, 64.62, 0, 31.12, 58.48, 84.08, 65.48, 621.54, 38.84, 51.68, 63.44, 66.16, 73.38, 72.28, 72.28, 25.26, 76.24, 26.62, 56.6, 17.12, 10.86, 41.7, 41.58, 31.12, 0, 27.76, 54.2, 42.06, 605.02, 34.1, 73.64, 81.88, 58.78, 64.86, 71.98, 86.06, 22.36, 58.16, 53.08, 59.42, 40.64, 32.38, 41.62, 40.6, 58.48, 27.76, 0, 34.7, 40.26, 620.16, 25.22, 81.2, 82.86, 32.2, 35.88, 50.92, 79.94, 57.04, 23.48, 80.64, 45.36, 58.14, 62.82, 32.48, 31.04, 84.08, 54.2, 34.7, 0, 29.86, 643.14, 6.52, 52.28, 52.98, 24.42, 31.76, 32.18, 51, 57.9, 42.6, 64.42, 19.36, 37.04, 52.84, 2.6, 1.22, 65.48, 42.06, 40.26, 29.86, 0, 0, 3819.72, 4037.64, 4108.68, 3913.32, 3928.08, 4025.76, 4145.88, 3577.92, 3783.24, 3766.8, 3973.92, 3831.96, 3690.36, 3870.48, 3862.92, 3810.24, 3729.24, 3630.12, 3720.96, 3858.84, 3819.72, 0, 336, 348.48, 165, 207.72, 227.76, 342.48, 315.6, 246.36, 376.68, 155.04, 219.24, 296.4, 51.6, 43.44, 387.36, 233.04, 204.6, 151.32, 39.12, 4037.64, 336, 0, 96.24, 417.48, 454.92, 362.64, 192.36, 461.4, 565.32, 300.24, 285.36, 208.08, 348, 298.68, 306.48, 268.56, 310.08, 441.84, 487.2, 313.68, 4108.68, 348.48, 96.24, 0, 390.6, 421.92, 312, 101.64, 531.24, 552.48, 392.76, 254.76, 278.52, 426.84, 302.28, 310.92, 363.24, 380.64, 491.28, 497.16, 317.88, 3913.32, 165, 417.48, 390.6, 0, 44.04, 119.76, 339.6, 475.32, 171.24, 532.8, 135.96, 366.84, 460.92, 152.88, 150.84, 537.48, 396.96, 352.68, 193.2, 146.52, 3928.08, 207.72, 454.92, 421.92, 44.04, 0, 128.52, 363.24, 514.56, 161.16, 576.84, 170.16, 410.76, 504, 196.92, 194.88, 581.4, 440.28, 389.16, 215.28, 190.56, 4025.76, 227.76, 362.64, 312, 119.76, 128.52, 0, 240.72, 540.24, 287.04, 544.56, 96.96, 375.72, 498.72, 189, 192.72, 539.28, 433.68, 431.88, 305.52, 193.08, 4145.88, 342.48, 192.36, 101.64, 339.6, 363.24, 240.72, 0, 578.52, 509.52, 474.12, 212.04, 337.32, 487.92, 291.36, 300, 449.52, 433.68, 516.36, 479.64, 306, 3577.92, 315.6, 461.4, 531.24, 475.32, 514.56, 540.24, 578.52, 0, 483.12, 247.32, 454.44, 254.28, 126.96, 351.36, 347.4, 289.32, 151.56, 134.16, 342.24, 347.4, 3783.24, 246.36, 565.32, 552.48, 171.24, 161.16, 287.04, 509.52, 483.12, 0, 612.72, 300.24, 464.16, 513, 269.4, 262.68, 628.68, 457.44, 348.96, 140.88, 255.6, 3766.8, 376.68, 300.24, 392.76, 532.8, 576.84, 544.56, 474.12, 247.32, 612.72, 0, 447.72, 169.32, 127.32, 380.04, 381.96, 45.12, 159.72, 318.48, 483.84, 386.52, 3973.92, 155.04, 285.36, 254.76, 135.96, 170.16, 96.96, 212.04, 454.44, 300.24, 447.72, 0, 278.88, 404.4, 106.92, 113.16, 443.04, 339.6, 356.52, 272.16, 116.16, 3831.96, 219.24, 208.08, 278.52, 366.84, 410.76, 375.72, 337.32, 254.28, 464.16, 169.32, 278.88, 0, 150.84, 214.08, 216.96, 170.76, 102.72, 243.84, 348.84, 222.24, 3690.36, 296.4, 348, 426.84, 460.92, 504, 498.72, 487.92, 126.96, 513, 127.32, 404.4, 150.84, 0, 315.24, 314.4, 165.72, 65.16, 194.28, 376.92, 317.04, 3870.48, 51.6, 298.68, 302.28, 152.88, 196.92, 189, 291.36, 351.36, 269.4, 380.04, 106.92, 214.08, 315.24, 0, 8.76, 384.84, 250.2, 249.72, 194.88, 15.6, 3862.92, 43.44, 306.48, 310.92, 150.84, 194.88, 192.72, 300, 347.4, 262.68, 381.96, 113.16, 216.96, 314.4, 8.76, 0, 387.72, 249.48, 243.6, 186.24, 7.32, 3810.24, 387.36, 268.56, 363.24, 537.48, 581.4, 539.28, 449.52, 289.32, 628.68, 45.12, 443.04, 170.76, 165.72, 384.84, 387.72, 0, 186.72, 350.88, 504.48, 392.88, 3729.24, 233.04, 310.08, 380.64, 396.96, 440.28, 433.68, 433.68, 151.56, 457.44, 159.72, 339.6, 102.72, 65.16, 250.2, 249.48, 186.72, 0, 166.56, 325.2, 252.36, 3630.12, 204.6, 441.84, 491.28, 352.68, 389.16, 431.88, 516.36, 134.16, 348.96, 318.48, 356.52, 243.84, 194.28, 249.72, 243.6, 350.88, 166.56, 0, 208.2, 241.56, 3720.96, 151.32, 487.2, 497.16, 193.2, 215.28, 305.52, 479.64, 342.24, 140.88, 483.84, 272.16, 348.84, 376.92, 194.88, 186.24, 504.48, 325.2, 208.2, 0, 179.16, 3858.84, 39.12, 313.68, 317.88, 146.52, 190.56, 193.08, 306, 347.4, 255.6, 386.52, 116.16, 222.24, 317.04, 15.6, 7.32, 392.88, 252.36, 241.56, 179.16, 0

Time Windows (Depot, 1, ..., N)
0, 480, 89, 119, 174, 204, 160, 190, 73, 103, 0, 480, 0, 480, 161, 191, 437, 467, 0, 480, 201, 231, 0, 480, 0, 480, 0, 480, 0, 480, 0, 480, 176, 206, 425, 455, 0, 480, 52, 82, 0, 480