Instance
HEVTSP 3 20 3 TW 1

Customers
20

Service Time (same as Distance for all Modes: combustion, combustion+charging, electric, combustion+electric) (Depot, 1, ..., N, Depot)
0, 3, 2, 1, 3, 1, 1, 2, 5, 4, 6, 4, 3, 2, 2, 5, 3, 5, 2, 5, 4, 0

Initial Charging
0

Max Charging (in Watt/h)
16800

Charging Rate (in Watt/h)
12000

Discharging Rate (in Watt/h)
48000

Coordinates (Used for GUI, not necessarily related to Distances, Time, Costs)
0, 0, 42820, 43040, 41400, 41600, 44220, 43770, 43680, 42540, 41480, 44910, 42480, 44580, 43230, 44080, 41590, 43600, 41690, 41500, 44380, 40590, 40800, 42740, 41900, 44410, 43420, 42170, 43800, 43650, 43550, 44070, 43100, 43770, 40440, 44390, 42760, 41640, 42070, 42390, 41610, 44880

Distances (Depot-Depot, Depot-1, Depot-..., Depot-N, 1-Depot, 1-1, ..., M-N)
0, 60712, 58690, 62219, 60972, 61135, 61579, 61740, 60255, 58824, 60143, 59088, 61056, 60528, 61837, 61958, 61428, 60049, 59685, 59723, 61201, 60712, 0, 2022, 1579, 995, 2301, 1577, 1118, 1351, 1910, 2904, 2042, 1650, 1057, 1154, 1262, 782, 2736, 1401, 992, 2202, 58690, 2022, 0, 3558, 2466, 3311, 3170, 3082, 2009, 307, 3147, 1288, 2854, 2099, 3156, 3275, 2757, 2951, 1361, 1036, 3287, 62219, 1579, 3558, 0, 1343, 2968, 1919, 1037, 2635, 3399, 3184, 3572, 2407, 1789, 437, 734, 1120, 3831, 2582, 2555, 2836, 60972, 995, 2466, 1343, 0, 3234, 2367, 1604, 2343, 2245, 2072, 2887, 2582, 452, 1116, 1536, 1360, 3731, 1287, 1617, 3124, 61135, 2301, 3311, 2968, 3234, 0, 1053, 1937, 1315, 3416, 5203, 2274, 653, 3357, 2640, 2234, 1981, 1163, 3512, 2588, 133, 61579, 1577, 3170, 1919, 2367, 1053, 0, 901, 1324, 3180, 4419, 2492, 604, 2587, 1615, 1185, 1020, 2049, 2953, 2228, 920, 61740, 1118, 3082, 1037, 1604, 1937, 901, 0, 1709, 3005, 3675, 2775, 1370, 1919, 714, 320, 336, 2807, 2485, 2050, 1807, 60255, 1351, 2009, 2635, 2343, 1315, 1324, 1709, 0, 2102, 4104, 1168, 867, 2322, 2211, 2016, 1520, 1395, 2283, 1302, 1280, 58824, 1910, 307, 3399, 2245, 3416, 3180, 3005, 2102, 0, 2840, 1526, 2918, 1855, 3012, 3172, 2672, 3149, 1079, 968, 3381, 60143, 2904, 3147, 3184, 2072, 5203, 4419, 3675, 4104, 2840, 0, 4176, 4554, 1849, 3114, 3578, 3428, 5474, 1931, 2928, 5107, 59088, 2042, 1288, 3572, 2887, 2274, 2492, 2775, 1168, 1526, 4176, 0, 2000, 2681, 3135, 3055, 2520, 1689, 2248, 1317, 2288, 61056, 1650, 2854, 2407, 2582, 653, 604, 1370, 867, 2918, 4554, 2000, 0, 2707, 2046, 1685, 1360, 1460, 2900, 2027, 552, 60528, 1057, 2099, 1789, 452, 3357, 2587, 1919, 2322, 1855, 1849, 2681, 2707, 0, 1528, 1904, 1632, 3716, 846, 1368, 3259, 61837, 1154, 3156, 437, 1116, 2640, 1615, 714, 2211, 3012, 3114, 3135, 2046, 1528, 0, 489, 710, 3441, 2263, 2140, 2512, 61958, 1262, 3275, 734, 1536, 2234, 1185, 320, 2016, 3172, 3578, 3055, 1685, 1904, 489, 0, 541, 3126, 2555, 2239, 2102, 61428, 782, 2757, 1120, 1360, 1981, 1020, 336, 1520, 2672, 3428, 2520, 1360, 1632, 710, 541, 0, 2731, 2157, 1722, 1858, 60049, 2736, 2951, 3831, 3731, 1163, 2049, 2807, 1395, 3149, 5474, 1689, 1460, 3716, 3441, 3126, 2731, 0, 3598, 2580, 1268, 59685, 1401, 1361, 2582, 1287, 3512, 2953, 2485, 2283, 1079, 1931, 2248, 2900, 846, 2263, 2555, 2157, 3598, 0, 1019, 3438, 59723, 992, 1036, 2555, 1617, 2588, 2228, 2050, 1302, 968, 2928, 1317, 2027, 1368, 2140, 2239, 1722, 2580, 1019, 0, 2532, 61201, 2202, 3287, 2836, 3124, 133, 920, 1807, 1280, 3381, 5107, 2288, 552, 3259, 2512, 2102, 1858, 1268, 3438, 2532, 0

Time (same as Distance for all Modes: combustion, combustion+charging, electric, combustion+electric)
0, 67.46, 65.21, 69.13, 67.75, 67.93, 68.42, 68.6, 66.95, 65.36, 66.83, 65.65, 67.84, 67.25, 68.71, 68.84, 68.25, 66.72, 66.32, 66.36, 68, 67.46, 0, 4.49, 3.51, 3.14, 5.11, 3.5, 2.48, 3, 4.24, 6.45, 4.54, 3.67, 2.35, 2.56, 2.8, 2.47, 6.08, 3.11, 3.13, 4.89, 65.21, 4.49, 0, 7.91, 5.48, 7.36, 7.04, 6.85, 4.46, 1.32, 6.99, 2.86, 6.34, 4.66, 7.01, 7.28, 6.13, 6.56, 3.02, 2.3, 7.3, 69.13, 3.51, 7.91, 0, 2.98, 6.6, 4.26, 2.3, 5.86, 7.55, 7.08, 7.94, 5.35, 3.98, 1.87, 2.32, 2.49, 8.51, 5.74, 5.68, 6.3, 67.75, 3.14, 5.48, 2.98, 0, 7.19, 5.26, 3.56, 5.21, 4.99, 4.6, 6.42, 5.74, 1.94, 2.48, 3.41, 3.02, 8.29, 2.86, 3.59, 6.94, 67.93, 5.11, 7.36, 6.6, 7.19, 0, 2.34, 4.3, 2.92, 7.59, 6.37, 5.05, 2.06, 7.46, 5.87, 4.96, 4.4, 2.58, 7.8, 5.75, 0.57, 68.42, 3.5, 7.04, 4.26, 5.26, 2.34, 0, 2.85, 2.94, 7.07, 9.82, 5.54, 1.91, 5.75, 3.59, 2.63, 2.27, 4.55, 6.56, 4.95, 2.91, 68.6, 2.48, 6.85, 2.3, 3.56, 4.3, 2.85, 0, 3.8, 6.68, 8.17, 6.17, 3.04, 4.26, 2.25, 1.37, 1.44, 6.24, 5.52, 4.56, 4.02, 66.95, 3, 4.46, 5.86, 5.21, 2.92, 2.94, 3.8, 0, 4.67, 9.12, 2.6, 2.74, 5.16, 4.91, 4.48, 3.38, 3.1, 5.07, 2.89, 2.84, 65.36, 4.24, 1.32, 7.55, 4.99, 7.59, 7.07, 6.68, 4.67, 0, 6.31, 3.39, 6.48, 4.12, 6.69, 7.05, 5.94, 7, 2.4, 3.06, 7.51, 66.83, 6.45, 6.99, 7.08, 4.6, 6.37, 9.82, 8.17, 9.12, 6.31, 0, 9.28, 10.12, 4.11, 6.92, 7.95, 7.62, 6.7, 4.29, 6.51, 6.25, 65.65, 4.54, 2.86, 7.94, 6.42, 5.05, 5.54, 6.17, 2.6, 3.39, 9.28, 0, 4.44, 5.96, 6.97, 6.79, 5.6, 3.75, 5, 2.93, 5.08, 67.84, 3.67, 6.34, 5.35, 5.74, 2.06, 1.91, 3.04, 2.74, 6.48, 10.12, 4.44, 0, 6.02, 4.55, 3.74, 3.02, 3.24, 6.44, 4.5, 1.74, 67.25, 2.35, 4.66, 3.98, 1.94, 7.46, 5.75, 4.26, 5.16, 4.12, 4.11, 5.96, 6.02, 0, 3.4, 4.23, 3.63, 8.26, 2.67, 3.04, 7.24, 68.71, 2.56, 7.01, 1.87, 2.48, 5.87, 3.59, 2.25, 4.91, 6.69, 6.92, 6.97, 4.55, 3.4, 0, 2.1, 2.24, 7.65, 5.03, 4.76, 5.58, 68.84, 2.8, 7.28, 2.32, 3.41, 4.96, 2.63, 1.37, 4.48, 7.05, 7.95, 6.79, 3.74, 4.23, 2.1, 0, 1.71, 6.95, 5.68, 4.98, 4.67, 68.25, 2.47, 6.13, 2.49, 3.02, 4.4, 2.27, 1.44, 3.38, 5.94, 7.62, 5.6, 3.02, 3.63, 2.24, 1.71, 0, 6.07, 4.79, 3.83, 4.13, 66.72, 6.08, 6.56, 8.51, 8.29, 2.58, 4.55, 6.24, 3.1, 7, 6.7, 3.75, 3.24, 8.26, 7.65, 6.95, 6.07, 0, 8, 5.73, 2.82, 66.32, 3.11, 3.02, 5.74, 2.86, 7.8, 6.56, 5.52, 5.07, 2.4, 4.29, 5, 6.44, 2.67, 5.03, 5.68, 4.79, 8, 0, 2.26, 7.64, 66.36, 3.13, 2.3, 5.68, 3.59, 5.75, 4.95, 4.56, 2.89, 3.06, 6.51, 2.93, 4.5, 3.04, 4.76, 4.98, 3.83, 5.73, 2.26, 0, 5.63, 68, 4.89, 7.3, 6.3, 6.94, 0.57, 2.91, 4.02, 2.84, 7.51, 6.25, 5.08, 1.74, 7.24, 5.58, 4.67, 4.13, 2.82, 7.64, 5.63, 0, 0, 71.43, 69.05, 73.2, 71.73, 71.92, 72.45, 72.64, 70.89, 69.2, 70.76, 69.52, 71.83, 71.21, 72.75, 72.89, 72.27, 70.65, 70.22, 70.26, 72, 71.43, 0, 4.85, 3.79, 3.32, 5.52, 3.78, 2.68, 3.24, 4.58, 6.97, 4.9, 3.96, 2.54, 2.77, 3.03, 2.61, 6.57, 3.36, 3.31, 5.28, 69.05, 4.85, 0, 8.54, 5.92, 7.95, 7.61, 7.4, 4.82, 1.42, 7.55, 3.09, 6.85, 5.04, 7.57, 7.86, 6.62, 7.08, 3.27, 2.49, 7.89, 73.2, 3.79, 8.54, 0, 3.22, 7.12, 4.61, 2.49, 6.32, 8.16, 7.64, 8.57, 5.78, 4.29, 2.02, 2.45, 2.69, 9.19, 6.2, 6.13, 6.81, 71.73, 3.32, 5.92, 3.22, 0, 7.76, 5.68, 3.85, 5.62, 5.39, 4.97, 6.93, 6.2, 2.09, 2.68, 3.69, 3.26, 8.95, 3.09, 3.88, 7.5, 71.92, 5.52, 7.95, 7.12, 7.76, 0, 2.53, 4.65, 3.16, 8.2, 6.79, 5.46, 2.18, 8.06, 6.34, 5.36, 4.75, 2.79, 8.43, 6.21, 0.61, 72.45, 3.78, 7.61, 4.61, 5.68, 2.53, 0, 3, 3.18, 7.63, 10.61, 5.98, 2.01, 6.21, 3.88, 2.84, 2.45, 4.92, 7.09, 5.35, 3.07, 72.64, 2.68, 7.4, 2.49, 3.85, 4.65, 3, 0, 4.1, 7.21, 8.82, 6.66, 3.29, 4.61, 2.38, 1.48, 1.55, 6.74, 5.96, 4.92, 4.34, 70.89, 3.24, 4.82, 6.32, 5.62, 3.16, 3.18, 4.1, 0, 5.04, 9.85, 2.8, 2.89, 5.57, 5.31, 4.84, 3.65, 3.35, 5.48, 3.12, 3.07, 69.2, 4.58, 1.42, 8.16, 5.39, 8.2, 7.63, 7.21, 5.04, 0, 6.82, 3.66, 7, 4.45, 7.23, 7.61, 6.41, 7.56, 2.59, 3.23, 8.11, 70.76, 6.97, 7.55, 7.64, 4.97, 6.79, 10.61, 8.82, 9.85, 6.82, 0, 10.02, 10.93, 4.44, 7.47, 8.59, 8.23, 7.14, 4.63, 7.03, 6.66, 69.52, 4.9, 3.09, 8.57, 6.93, 5.46, 5.98, 6.66, 2.8, 3.66, 10.02, 0, 4.8, 6.43, 7.52, 7.33, 6.05, 4.05, 5.4, 3.16, 5.49, 71.83, 3.96, 6.85, 5.78, 6.2, 2.18, 2.01, 3.29, 2.89, 7, 10.93, 4.8, 0, 6.5, 4.91, 4.04, 3.26, 3.5, 6.96, 4.86, 1.84, 71.21, 2.54, 5.04, 4.29, 2.09, 8.06, 6.21, 4.61, 5.57, 4.45, 4.44, 6.43, 6.5, 0, 3.67, 4.57, 3.92, 8.92, 2.82, 3.28, 7.82, 72.75, 2.77, 7.57, 2.02, 2.68, 6.34, 3.88, 2.38, 5.31, 7.23, 7.47, 7.52, 4.91, 3.67, 0, 2.26, 2.37, 8.26, 5.43, 5.14, 6.03, 72.89, 3.03, 7.86, 2.45, 3.69, 5.36, 2.84, 1.48, 4.84, 7.61, 8.59, 7.33, 4.04, 4.57, 2.26, 0, 1.8, 7.5, 6.13, 5.37, 5.04, 72.27, 2.61, 6.62, 2.69, 3.26, 4.75, 2.45, 1.55, 3.65, 6.41, 8.23, 6.05, 3.26, 3.92, 2.37, 1.8, 0, 6.55, 5.18, 4.13, 4.46, 70.65, 6.57, 7.08, 9.19, 8.95, 2.79, 4.92, 6.74, 3.35, 7.56, 7.14, 4.05, 3.5, 8.92, 8.26, 7.5, 6.55, 0, 8.64, 6.19, 3.04, 70.22, 3.36, 3.27, 6.2, 3.09, 8.43, 7.09, 5.96, 5.48, 2.59, 4.63, 5.4, 6.96, 2.82, 5.43, 6.13, 5.18, 8.64, 0, 2.45, 8.25, 70.26, 3.31, 2.49, 6.13, 3.88, 6.21, 5.35, 4.92, 3.12, 3.23, 7.03, 3.16, 4.86, 3.28, 5.14, 5.37, 4.13, 6.19, 2.45, 0, 6.08, 72, 5.28, 7.89, 6.81, 7.5, 0.61, 3.07, 4.34, 3.07, 8.11, 6.66, 5.49, 1.84, 7.82, 6.03, 5.04, 4.46, 3.04, 8.25, 6.08, 0, 0, 75.89, 73.36, 77.77, 76.22, 76.42, 76.97, 77.18, 75.32, 73.53, 75.18, 73.86, 76.32, 75.66, 77.3, 77.45, 76.79, 75.06, 74.61, 74.65, 76.5, 75.89, 0, 5.27, 4.12, 3.51, 6, 4.11, 2.92, 3.52, 4.98, 7.58, 5.33, 4.3, 2.76, 3.01, 3.29, 2.76, 7.14, 3.65, 3.5, 5.74, 73.36, 5.27, 0, 9.28, 6.43, 8.64, 8.27, 8.04, 5.24, 1.54, 8.21, 3.36, 7.45, 5.48, 8.23, 8.54, 7.19, 7.7, 3.55, 2.7, 8.57, 77.77, 4.12, 9.28, 0, 3.5, 7.74, 5.01, 2.71, 6.87, 8.87, 8.31, 9.32, 6.28, 4.67, 2.19, 2.59, 2.92, 9.99, 6.74, 6.67, 7.4, 76.22, 3.51, 6.43, 3.5, 0, 8.44, 6.17, 4.18, 6.11, 5.86, 5.41, 7.53, 6.74, 2.26, 2.91, 4.01, 3.55, 9.73, 3.36, 4.22, 8.15, 76.42, 6, 8.64, 7.74, 8.44, 0, 2.75, 5.05, 3.43, 8.91, 7.26, 5.93, 2.3, 8.76, 6.89, 5.83, 5.17, 3.03, 9.16, 6.75, 0.67, 76.97, 4.11, 8.27, 5.01, 6.17, 2.75, 0, 3.18, 3.45, 8.3, 11.53, 6.5, 2.13, 6.75, 4.21, 3.09, 2.66, 5.35, 7.7, 5.81, 3.25, 77.18, 2.92, 8.04, 2.71, 4.18, 5.05, 3.18, 0, 4.46, 7.84, 9.59, 7.24, 3.57, 5.01, 2.52, 1.6, 1.68, 7.32, 6.48, 5.35, 4.71, 75.32, 3.52, 5.24, 6.87, 6.11, 3.43, 3.45, 4.46, 0, 5.48, 10.71, 3.05, 3.06, 6.06, 5.77, 5.26, 3.97, 3.64, 5.96, 3.4, 3.34, 73.53, 4.98, 1.54, 8.87, 5.86, 8.91, 8.3, 7.84, 5.48, 0, 7.41, 3.98, 7.61, 4.84, 7.86, 8.27, 6.97, 8.21, 2.81, 3.42, 8.82, 75.18, 7.58, 8.21, 8.31, 5.41, 7.26, 11.53, 9.59, 10.71, 7.41, 0, 10.89, 11.88, 4.82, 8.12, 9.33, 8.94, 7.64, 5.04, 7.64, 7.13, 73.86, 5.33, 3.36, 9.32, 7.53, 5.93, 6.5, 7.24, 3.05, 3.98, 10.89, 0, 5.22, 6.99, 8.18, 7.97, 6.57, 4.41, 5.86, 3.44, 5.97, 76.32, 4.3, 7.45, 6.28, 6.74, 2.3, 2.13, 3.57, 3.06, 7.61, 11.88, 5.22, 0, 7.06, 5.34, 4.4, 3.55, 3.81, 7.57, 5.29, 1.95, 75.66, 2.76, 5.48, 4.67, 2.26, 8.76, 6.75, 5.01, 6.06, 4.84, 4.82, 6.99, 7.06, 0, 3.99, 4.97, 4.26, 9.69, 2.99, 3.57, 8.5, 77.3, 3.01, 8.23, 2.19, 2.91, 6.89, 4.21, 2.52, 5.77, 7.86, 8.12, 8.18, 5.34, 3.99, 0, 2.45, 2.51, 8.98, 5.9, 5.58, 6.55, 77.45, 3.29, 8.54, 2.59, 4.01, 5.83, 3.09, 1.6, 5.26, 8.27, 9.33, 7.97, 4.4, 4.97, 2.45, 0, 1.91, 8.15, 6.67, 5.84, 5.48, 76.79, 2.76, 7.19, 2.92, 3.55, 5.17, 2.66, 1.68, 3.97, 6.97, 8.94, 6.57, 3.55, 4.26, 2.51, 1.91, 0, 7.12, 5.63, 4.49, 4.85, 75.06, 7.14, 7.7, 9.99, 9.73, 3.03, 5.35, 7.32, 3.64, 8.21, 7.64, 4.41, 3.81, 9.69, 8.98, 8.15, 7.12, 0, 9.39, 6.73, 3.31, 74.61, 3.65, 3.55, 6.74, 3.36, 9.16, 7.7, 6.48, 5.96, 2.81, 5.04, 5.86, 7.57, 2.99, 5.9, 6.67, 5.63, 9.39, 0, 2.66, 8.97, 74.65, 3.5, 2.7, 6.67, 4.22, 6.75, 5.81, 5.35, 3.4, 3.42, 7.64, 3.44, 5.29, 3.57, 5.58, 5.84, 4.49, 6.73, 2.66, 0, 6.61, 76.5, 5.74, 8.57, 7.4, 8.15, 0.67, 3.25, 4.71, 3.34, 8.82, 7.13, 5.97, 1.95, 8.5, 6.55, 5.48, 4.85, 3.31, 8.97, 6.61, 0, 0, 63.91, 61.78, 65.49, 64.18, 64.35, 64.82, 64.99, 63.43, 61.92, 63.31, 62.2, 64.27, 63.71, 65.09, 65.22, 64.66, 63.21, 62.83, 62.87, 64.42, 63.91, 0, 4.18, 3.27, 2.99, 4.76, 3.26, 2.31, 2.8, 3.95, 6.01, 4.22, 3.41, 2.19, 2.39, 2.61, 2.35, 5.66, 2.9, 2.98, 4.56, 61.78, 4.18, 0, 7.36, 5.1, 6.85, 6.56, 6.38, 4.16, 1.23, 6.51, 2.66, 5.9, 4.34, 6.53, 6.78, 5.7, 6.11, 2.82, 2.14, 6.8, 65.49, 3.27, 7.36, 0, 2.78, 6.14, 3.97, 2.15, 5.45, 7.03, 6.59, 7.39, 4.98, 3.7, 1.75, 2.2, 2.32, 7.93, 5.34, 5.29, 5.87, 64.18, 2.99, 5.1, 2.78, 0, 6.69, 4.9, 3.32, 4.85, 4.64, 4.29, 5.97, 5.34, 1.81, 2.31, 3.18, 2.81, 7.72, 2.66, 3.35, 6.46, 64.35, 4.76, 6.85, 6.14, 6.69, 0, 2.18, 4.01, 2.72, 7.07, 6, 4.7, 1.96, 6.95, 5.46, 4.62, 4.1, 2.41, 7.27, 5.35, 0.53, 64.82, 3.26, 6.56, 3.97, 4.9, 2.18, 0, 2.7, 2.74, 6.58, 9.14, 5.16, 1.81, 5.35, 3.34, 2.45, 2.11, 4.24, 6.11, 4.61, 2.76, 64.99, 2.31, 6.38, 2.15, 3.32, 4.01, 2.7, 0, 3.54, 6.22, 7.6, 5.74, 2.83, 3.97, 2.14, 1.28, 1.34, 5.81, 5.14, 4.24, 3.74, 63.43, 2.8, 4.16, 5.45, 4.85, 2.72, 2.74, 3.54, 0, 4.35, 8.49, 2.42, 2.6, 4.8, 4.57, 4.17, 3.14, 2.89, 4.72, 2.69, 2.65, 61.92, 3.95, 1.23, 7.03, 4.64, 7.07, 6.58, 6.22, 4.35, 0, 5.88, 3.16, 6.04, 3.84, 6.23, 6.56, 5.53, 6.52, 2.23, 2.9, 7, 63.31, 6.01, 6.51, 6.59, 4.29, 6, 9.14, 7.6, 8.49, 5.88, 0, 8.64, 9.42, 3.83, 6.44, 7.4, 7.09, 6.32, 4, 6.06, 5.89, 62.2, 4.22, 2.66, 7.39, 5.97, 4.7, 5.16, 5.74, 2.42, 3.16, 8.64, 0, 4.14, 5.55, 6.49, 6.32, 5.21, 3.49, 4.65, 2.72, 4.73, 64.27, 3.41, 5.9, 4.98, 5.34, 1.96, 1.81, 2.83, 2.6, 6.04, 9.42, 4.14, 0, 5.6, 4.23, 3.49, 2.81, 3.02, 6, 4.19, 1.66, 63.71, 2.19, 4.34, 3.7, 1.81, 6.95, 5.35, 3.97, 4.8, 3.84, 3.83, 5.55, 5.6, 0, 3.16, 3.94, 3.38, 7.69, 2.54, 2.83, 6.74, 65.09, 2.39, 6.53, 1.75, 2.31, 5.46, 3.34, 2.14, 4.57, 6.23, 6.44, 6.49, 4.23, 3.16, 0, 1.96, 2.13, 7.12, 4.68, 4.43, 5.2, 65.22, 2.61, 6.78, 2.2, 3.18, 4.62, 2.45, 1.28, 4.17, 6.56, 7.4, 6.32, 3.49, 3.94, 1.96, 0, 1.62, 6.47, 5.29, 4.63, 4.35, 64.66, 2.35, 5.7, 2.32, 2.81, 4.1, 2.11, 1.34, 3.14, 5.53, 7.09, 5.21, 2.81, 3.38, 2.13, 1.62, 0, 5.65, 4.46, 3.56, 3.84, 63.21, 5.66, 6.11, 7.93, 7.72, 2.41, 4.24, 5.81, 2.89, 6.52, 6.32, 3.49, 3.02, 7.69, 7.12, 6.47, 5.65, 0, 7.44, 5.34, 2.62, 62.83, 2.9, 2.82, 5.34, 2.66, 7.27, 6.11, 5.14, 4.72, 2.23, 4, 4.65, 6, 2.54, 4.68, 5.29, 4.46, 7.44, 0, 2.11, 7.11, 62.87, 2.98, 2.14, 5.29, 3.35, 5.35, 4.61, 4.24, 2.69, 2.9, 6.06, 2.72, 4.19, 2.83, 4.43, 4.63, 3.56, 5.34, 2.11, 0, 5.24, 64.42, 4.56, 6.8, 5.87, 6.46, 0.53, 2.76, 3.74, 2.65, 7, 5.89, 4.73, 1.66, 6.74, 5.2, 4.35, 3.84, 2.62, 7.11, 5.24, 0

Costs (same as Distance for all Modes: combustion, combustion+charging, electric, combustion+electric)
0, 6071.24, 5869, 6221.91, 6097.21, 6113.51, 6157.86, 6174.04, 6025.52, 5882.44, 6014.26, 5908.76, 6105.62, 6052.77, 6183.66, 6195.78, 6142.82, 6004.89, 5968.51, 5972.27, 6120.14, 6071.24, 0, 202.24, 157.89, 99.48, 230.05, 157.71, 111.79, 135.15, 191.01, 290.45, 204.22, 165.02, 105.68, 115.43, 126.25, 78.19, 273.62, 140.13, 99.25, 220.22, 5869, 202.24, 0, 355.83, 246.62, 331.1, 316.97, 308.21, 200.9, 30.68, 314.65, 128.83, 285.41, 209.89, 315.63, 327.47, 275.66, 295.05, 136.06, 103.59, 328.67, 6221.91, 157.89, 355.83, 0, 134.33, 296.77, 191.93, 103.74, 263.55, 339.91, 318.4, 357.17, 240.67, 178.89, 43.68, 73.41, 112, 383.05, 258.23, 255.48, 283.62, 6097.21, 99.48, 246.62, 134.33, 0, 323.37, 236.68, 160.44, 234.34, 224.54, 207.18, 288.69, 258.17, 45.22, 111.65, 153.55, 135.99, 373.1, 128.7, 161.7, 312.42, 6113.51, 230.05, 331.1, 296.77, 323.37, 0, 105.3, 193.69, 131.46, 341.65, 520.31, 227.4, 65.3, 335.73, 264.01, 223.39, 198.09, 116.28, 351.16, 258.81, 13.34, 6157.86, 157.71, 316.97, 191.93, 236.68, 105.3, 0, 90.14, 132.38, 317.97, 441.93, 249.16, 60.44, 258.68, 161.47, 118.53, 102, 204.88, 295.33, 222.8, 92.03, 6174.04, 111.79, 308.21, 103.74, 160.44, 193.69, 90.14, 0, 170.88, 300.47, 367.46, 277.5, 137.03, 191.94, 71.4, 32.02, 33.62, 280.72, 248.49, 204.98, 180.68, 6025.52, 135.15, 200.9, 263.55, 234.34, 131.46, 132.38, 170.88, 0, 210.24, 410.42, 116.78, 86.73, 232.25, 221.06, 201.56, 151.95, 139.52, 228.27, 130.17, 128.02, 5882.44, 191.01, 30.68, 339.91, 224.54, 341.65, 317.97, 300.47, 210.24, 0, 283.98, 152.63, 291.76, 185.52, 301.24, 317.25, 267.23, 314.87, 107.91, 96.77, 338.09, 6014.26, 290.45, 314.65, 318.4, 207.18, 520.31, 441.93, 367.46, 410.42, 283.98, 0, 417.6, 455.44, 184.88, 311.45, 357.76, 342.79, 547.39, 193.05, 292.85, 510.66, 5908.76, 204.22, 128.83, 357.17, 288.69, 227.4, 249.16, 277.5, 116.78, 152.63, 417.6, 0, 199.97, 268.13, 313.5, 305.47, 252.01, 168.88, 224.76, 131.73, 228.82, 6105.62, 165.02, 285.41, 240.67, 258.17, 65.3, 60.44, 137.03, 86.73, 291.76, 455.44, 199.97, 0, 270.7, 204.64, 168.47, 136, 146.01, 290.04, 202.71, 55.23, 6052.77, 105.68, 209.89, 178.89, 45.22, 335.73, 258.68, 191.94, 232.25, 185.52, 184.88, 268.13, 270.7, 0, 152.8, 190.44, 163.17, 371.6, 84.65, 136.78, 325.89, 6183.66, 115.43, 315.63, 43.68, 111.65, 264.01, 161.47, 71.4, 221.06, 301.24, 311.45, 313.5, 204.64, 152.8, 0, 48.88, 71.02, 344.05, 226.31, 214.02, 251.18, 6195.78, 126.25, 327.47, 73.41, 153.55, 223.39, 118.53, 32.02, 201.56, 317.25, 357.76, 305.47, 168.47, 190.44, 48.88, 0, 54.08, 312.64, 255.52, 223.89, 210.23, 6142.82, 78.19, 275.66, 112, 135.99, 198.09, 102, 33.62, 151.95, 267.23, 342.79, 252.01, 136, 163.17, 71.02, 54.08, 0, 273.13, 215.7, 172.2, 185.8, 6004.89, 273.62, 295.05, 383.05, 373.1, 116.28, 204.88, 280.72, 139.52, 314.87, 547.39, 168.88, 146.01, 371.6, 344.05, 312.64, 273.13, 0, 359.79, 258.01, 126.85, 5968.51, 140.13, 136.06, 258.23, 128.7, 351.16, 295.33, 248.49, 228.27, 107.91, 193.05, 224.76, 290.04, 84.65, 226.31, 255.52, 215.7, 359.79, 0, 101.91, 343.8, 5972.27, 99.25, 103.59, 255.48, 161.7, 258.81, 222.8, 204.98, 130.17, 96.77, 292.85, 131.73, 202.71, 136.78, 214.02, 223.89, 172.2, 258.01, 101.91, 0, 253.21, 6120.14, 220.22, 328.67, 283.62, 312.42, 13.34, 92.03, 180.68, 128.02, 338.09, 510.66, 228.82, 55.23, 325.89, 251.18, 210.23, 185.8, 126.85, 343.8, 253.21, 0, 0, 6678.32, 6455.9, 6844.09, 6706.92, 6724.85, 6773.69, 6791.4, 6628.05, 6470.64, 6615.73, 6499.68, 6716.16, 6658.08, 6802.07, 6815.38, 6757.08, 6605.39, 6565.35, 6569.53, 6732.11, 6678.32, 0, 222.42, 173.69, 109.45, 253.11, 173.47, 122.98, 148.61, 210.1, 319.44, 224.62, 181.5, 116.27, 126.94, 138.82, 86.02, 300.96, 154.11, 109.12, 242.22, 6455.9, 222.42, 0, 391.38, 271.26, 364.21, 348.7, 339.02, 220.99, 33.77, 346.17, 141.68, 313.94, 230.89, 347.16, 360.25, 303.27, 324.61, 149.71, 113.96, 361.57, 6844.09, 173.69, 391.38, 0, 147.73, 326.48, 211.09, 114.07, 289.85, 373.89, 350.24, 392.92, 264.77, 196.79, 48.07, 80.74, 123.2, 421.41, 284.02, 281.05, 311.96, 6706.92, 109.45, 271.26, 147.73, 0, 355.74, 260.37, 176.44, 257.73, 246.95, 227.92, 317.57, 284.02, 49.72, 122.76, 168.96, 149.6, 410.41, 141.57, 177.87, 343.64, 6724.85, 253.11, 364.21, 326.48, 355.74, 0, 115.83, 213.07, 144.65, 375.76, 572.33, 250.14, 71.83, 369.27, 290.4, 245.74, 217.91, 127.93, 386.32, 284.68, 14.63, 6773.69, 173.47, 348.7, 211.09, 260.37, 115.83, 0, 99.11, 145.64, 349.8, 486.09, 274.12, 66.44, 284.57, 177.65, 130.35, 112.2, 225.39, 324.83, 245.08, 101.2, 6791.4, 122.98, 339.02, 114.07, 176.44, 213.07, 99.11, 0, 187.99, 330.55, 404.25, 305.25, 150.7, 211.09, 78.54, 35.2, 36.96, 308.77, 273.35, 225.5, 198.77, 6628.05, 148.61, 220.99, 289.85, 257.73, 144.65, 145.64, 187.99, 0, 231.22, 451.44, 128.48, 95.37, 255.42, 243.21, 221.76, 167.2, 153.45, 251.13, 143.22, 140.8, 6470.64, 210.1, 33.77, 373.89, 246.95, 375.76, 349.8, 330.55, 231.22, 0, 312.4, 167.86, 320.98, 204.05, 331.32, 348.92, 293.92, 346.39, 118.69, 106.48, 371.91, 6615.73, 319.44, 346.17, 350.24, 227.92, 572.33, 486.09, 404.25, 451.44, 312.4, 0, 459.36, 500.94, 203.39, 342.54, 393.58, 377.08, 602.14, 212.41, 322.08, 561.77, 6499.68, 224.62, 141.68, 392.92, 317.57, 250.14, 274.12, 305.25, 128.48, 167.86, 459.36, 0, 220, 294.91, 344.85, 336.05, 277.2, 185.79, 247.28, 144.87, 251.68, 6716.16, 181.5, 313.94, 264.77, 284.02, 71.83, 66.44, 150.7, 95.37, 320.98, 500.94, 220, 0, 297.77, 225.06, 185.35, 149.6, 160.6, 319, 222.97, 60.72, 6658.08, 116.27, 230.89, 196.79, 49.72, 369.27, 284.57, 211.09, 255.42, 204.05, 203.39, 294.91, 297.77, 0, 168.08, 209.44, 179.52, 408.76, 93.06, 150.48, 358.49, 6802.07, 126.94, 347.16, 48.07, 122.76, 290.4, 177.65, 78.54, 243.21, 331.32, 342.54, 344.85, 225.06, 168.08, 0, 53.79, 78.1, 378.51, 248.93, 235.4, 276.32, 6815.38, 138.82, 360.25, 80.74, 168.96, 245.74, 130.35, 35.2, 221.76, 348.92, 393.58, 336.05, 185.35, 209.44, 53.79, 0, 59.51, 343.86, 281.05, 246.29, 231.22, 6757.08, 86.02, 303.27, 123.2, 149.6, 217.91, 112.2, 36.96, 167.2, 293.92, 377.08, 277.2, 149.6, 179.52, 78.1, 59.51, 0, 300.41, 237.27, 189.42, 204.38, 6605.39, 300.96, 324.61, 421.41, 410.41, 127.93, 225.39, 308.77, 153.45, 346.39, 602.14, 185.79, 160.6, 408.76, 378.51, 343.86, 300.41, 0, 395.78, 283.8, 139.48, 6565.35, 154.11, 149.71, 284.02, 141.57, 386.32, 324.83, 273.35, 251.13, 118.69, 212.41, 247.28, 319, 93.06, 248.93, 281.05, 237.27, 395.78, 0, 112.09, 378.18, 6569.53, 109.12, 113.96, 281.05, 177.87, 284.68, 245.08, 225.5, 143.22, 106.48, 322.08, 144.87, 222.97, 150.48, 235.4, 246.29, 189.42, 283.8, 112.09, 0, 278.52, 6732.11, 242.22, 361.57, 311.96, 343.64, 14.63, 101.2, 198.77, 140.8, 371.91, 561.77, 251.68, 60.72, 358.49, 276.32, 231.22, 204.38, 139.48, 378.18, 278.52, 0, 0, 1214.24, 1173.8, 1244.38, 1219.44, 1222.7, 1231.58, 1234.8, 1205.1, 1176.48, 1202.86, 1181.76, 1221.12, 1210.56, 1236.74, 1239.16, 1228.56, 1200.98, 1193.7, 1194.46, 1224.02, 1214.24, 0, 40.44, 31.58, 19.9, 46.02, 31.54, 22.36, 27.02, 38.2, 58.08, 40.84, 33, 21.14, 23.08, 25.24, 15.64, 54.72, 28.02, 19.84, 44.04, 1173.8, 40.44, 0, 71.16, 49.32, 66.22, 63.4, 61.64, 40.18, 6.14, 62.94, 25.76, 57.08, 41.98, 63.12, 65.5, 55.14, 59.02, 27.22, 20.72, 65.74, 1244.38, 31.58, 71.16, 0, 26.86, 59.36, 38.38, 20.74, 52.7, 67.98, 63.68, 71.44, 48.14, 35.78, 8.74, 14.68, 22.4, 76.62, 51.64, 51.1, 56.72, 1219.44, 19.9, 49.32, 26.86, 0, 64.68, 47.34, 32.08, 46.86, 44.9, 41.44, 57.74, 51.64, 9.04, 22.32, 30.72, 27.2, 74.62, 25.74, 32.34, 62.48, 1222.7, 46.02, 66.22, 59.36, 64.68, 0, 21.06, 38.74, 26.3, 68.32, 104.06, 45.48, 13.06, 67.14, 52.8, 44.68, 39.62, 23.26, 70.24, 51.76, 2.66, 1231.58, 31.54, 63.4, 38.38, 47.34, 21.06, 0, 18.02, 26.48, 63.6, 88.38, 49.84, 12.08, 51.74, 32.3, 23.7, 20.4, 40.98, 59.06, 44.56, 18.4, 1234.8, 22.36, 61.64, 20.74, 32.08, 38.74, 18.02, 0, 34.18, 60.1, 73.5, 55.5, 27.4, 38.38, 14.28, 6.4, 6.72, 56.14, 49.7, 41, 36.14, 1205.1, 27.02, 40.18, 52.7, 46.86, 26.3, 26.48, 34.18, 0, 42.04, 82.08, 23.36, 17.34, 46.44, 44.22, 40.32, 30.4, 27.9, 45.66, 26.04, 25.6, 1176.48, 38.2, 6.14, 67.98, 44.9, 68.32, 63.6, 60.1, 42.04, 0, 56.8, 30.52, 58.36, 37.1, 60.24, 63.44, 53.44, 62.98, 21.58, 19.36, 67.62, 1202.86, 58.08, 62.94, 63.68, 41.44, 104.06, 88.38, 73.5, 82.08, 56.8, 0, 83.52, 91.08, 36.98, 62.28, 71.56, 68.56, 109.48, 38.62, 58.56, 102.14, 1181.76, 40.84, 25.76, 71.44, 57.74, 45.48, 49.84, 55.5, 23.36, 30.52, 83.52, 0, 40, 53.62, 62.7, 61.1, 50.4, 33.78, 44.96, 26.34, 45.76, 1221.12, 33, 57.08, 48.14, 51.64, 13.06, 12.08, 27.4, 17.34, 58.36, 91.08, 40, 0, 54.14, 40.92, 33.7, 27.2, 29.2, 58, 40.54, 11.04, 1210.56, 21.14, 41.98, 35.78, 9.04, 67.14, 51.74, 38.38, 46.44, 37.1, 36.98, 53.62, 54.14, 0, 30.56, 38.08, 32.64, 74.32, 16.92, 27.36, 65.18, 1236.74, 23.08, 63.12, 8.74, 22.32, 52.8, 32.3, 14.28, 44.22, 60.24, 62.28, 62.7, 40.92, 30.56, 0, 9.78, 14.2, 68.82, 45.26, 42.8, 50.24, 1239.16, 25.24, 65.5, 14.68, 30.72, 44.68, 23.7, 6.4, 40.32, 63.44, 71.56, 61.1, 33.7, 38.08, 9.78, 0, 10.82, 62.52, 51.1, 44.78, 42.04, 1228.56, 15.64, 55.14, 22.4, 27.2, 39.62, 20.4, 6.72, 30.4, 53.44, 68.56, 50.4, 27.2, 32.64, 14.2, 10.82, 0, 54.62, 43.14, 34.44, 37.16, 1200.98, 54.72, 59.02, 76.62, 74.62, 23.26, 40.98, 56.14, 27.9, 62.98, 109.48, 33.78, 29.2, 74.32, 68.82, 62.52, 54.62, 0, 71.96, 51.6, 25.36, 1193.7, 28.02, 27.22, 51.64, 25.74, 70.24, 59.06, 49.7, 45.66, 21.58, 38.62, 44.96, 58, 16.92, 45.26, 51.1, 43.14, 71.96, 0, 20.38, 68.76, 1194.46, 19.84, 20.72, 51.1, 32.34, 51.76, 44.56, 41, 26.04, 19.36, 58.56, 26.34, 40.54, 27.36, 42.8, 44.78, 34.44, 51.6, 20.38, 0, 50.64, 1224.02, 44.04, 65.74, 56.72, 62.48, 2.66, 18.4, 36.14, 25.6, 67.62, 102.14, 45.76, 11.04, 65.18, 50.24, 42.04, 37.16, 25.36, 68.76, 50.64, 0, 0, 7285.44, 7042.8, 7466.28, 7316.64, 7336.2, 7389.48, 7408.8, 7230.6, 7058.88, 7217.16, 7090.56, 7326.72, 7263.36, 7420.44, 7434.96, 7371.36, 7205.88, 7162.2, 7166.76, 7344.12, 7285.44, 0, 242.64, 189.48, 119.4, 276.12, 189.24, 134.16, 162.12, 229.2, 348.48, 245.04, 198, 126.84, 138.48, 151.44, 93.84, 328.32, 168.12, 119.04, 264.24, 7042.8, 242.64, 0, 426.96, 295.92, 397.32, 380.4, 369.84, 241.08, 36.84, 377.64, 154.56, 342.48, 251.88, 378.72, 393, 330.84, 354.12, 163.32, 124.32, 394.44, 7466.28, 189.48, 426.96, 0, 161.16, 356.16, 230.28, 124.44, 316.2, 407.88, 382.08, 428.64, 288.84, 214.68, 52.44, 88.08, 134.4, 459.72, 309.84, 306.6, 340.32, 7316.64, 119.4, 295.92, 161.16, 0, 388.08, 284.04, 192.48, 281.16, 269.4, 248.64, 346.44, 309.84, 54.24, 133.92, 184.32, 163.2, 447.72, 154.44, 194.04, 374.88, 7336.2, 276.12, 397.32, 356.16, 388.08, 0, 126.36, 232.44, 157.8, 409.92, 624.36, 272.88, 78.36, 402.84, 316.8, 268.08, 237.72, 139.56, 421.44, 310.56, 15.96, 7389.48, 189.24, 380.4, 230.28, 284.04, 126.36, 0, 108.12, 158.88, 381.6, 530.28, 299.04, 72.48, 310.44, 193.8, 142.2, 122.4, 245.88, 354.36, 267.36, 110.4, 7408.8, 134.16, 369.84, 124.44, 192.48, 232.44, 108.12, 0, 205.08, 360.6, 441, 333, 164.4, 230.28, 85.68, 38.4, 40.32, 336.84, 298.2, 246, 216.84, 7230.6, 162.12, 241.08, 316.2, 281.16, 157.8, 158.88, 205.08, 0, 252.24, 492.48, 140.16, 104.04, 278.64, 265.32, 241.92, 182.4, 167.4, 273.96, 156.24, 153.6, 7058.88, 229.2, 36.84, 407.88, 269.4, 409.92, 381.6, 360.6, 252.24, 0, 340.8, 183.12, 350.16, 222.6, 361.44, 380.64, 320.64, 377.88, 129.48, 116.16, 405.72, 7217.16, 348.48, 377.64, 382.08, 248.64, 624.36, 530.28, 441, 492.48, 340.8, 0, 501.12, 546.48, 221.88, 373.68, 429.36, 411.36, 656.88, 231.72, 351.36, 612.84, 7090.56, 245.04, 154.56, 428.64, 346.44, 272.88, 299.04, 333, 140.16, 183.12, 501.12, 0, 240, 321.72, 376.2, 366.6, 302.4, 202.68, 269.76, 158.04, 274.56, 7326.72, 198, 342.48, 288.84, 309.84, 78.36, 72.48, 164.4, 104.04, 350.16, 546.48, 240, 0, 324.84, 245.52, 202.2, 163.2, 175.2, 348, 243.24, 66.24, 7263.36, 126.84, 251.88, 214.68, 54.24, 402.84, 310.44, 230.28, 278.64, 222.6, 221.88, 321.72, 324.84, 0, 183.36, 228.48, 195.84, 445.92, 101.52, 164.16, 391.08, 7420.44, 138.48, 378.72, 52.44, 133.92, 316.8, 193.8, 85.68, 265.32, 361.44, 373.68, 376.2, 245.52, 183.36, 0, 58.68, 85.2, 412.92, 271.56, 256.8, 301.44, 7434.96, 151.44, 393, 88.08, 184.32, 268.08, 142.2, 38.4, 241.92, 380.64, 429.36, 366.6, 202.2, 228.48, 58.68, 0, 64.92, 375.12, 306.6, 268.68, 252.24, 7371.36, 93.84, 330.84, 134.4, 163.2, 237.72, 122.4, 40.32, 182.4, 320.64, 411.36, 302.4, 163.2, 195.84, 85.2, 64.92, 0, 327.72, 258.84, 206.64, 222.96, 7205.88, 328.32, 354.12, 459.72, 447.72, 139.56, 245.88, 336.84, 167.4, 377.88, 656.88, 202.68, 175.2, 445.92, 412.92, 375.12, 327.72, 0, 431.76, 309.6, 152.16, 7162.2, 168.12, 163.32, 309.84, 154.44, 421.44, 354.36, 298.2, 273.96, 129.48, 231.72, 269.76, 348, 101.52, 271.56, 306.6, 258.84, 431.76, 0, 122.28, 412.56, 7166.76, 119.04, 124.32, 306.6, 194.04, 310.56, 267.36, 246, 156.24, 116.16, 351.36, 158.04, 243.24, 164.16, 256.8, 268.68, 206.64, 309.6, 122.28, 0, 303.84, 7344.12, 264.24, 394.44, 340.32, 374.88, 15.96, 110.4, 216.84, 153.6, 405.72, 612.84, 274.56, 66.24, 391.08, 301.44, 252.24, 222.96, 152.16, 412.56, 303.84, 0

Time Windows (Depot, 1, ..., N)
0, 480, 0, 480, 81, 111, 128, 158, 0, 480, 0, 480, 0, 480, 0, 480, 0, 480, 0, 480, 0, 480, 0, 480, 180, 210, 0, 480, 115, 145, 141, 171, 129, 159, 0, 480, 0, 480, 86, 116, 191, 221