Instance
HEVTSP 1 50 3 TW 3

Customers
50

Service Time (same as Distance for all Modes: combustion, combustion+charging, electric, combustion+electric) (Depot, 1, ..., N, Depot)
0, 8, 8, 8, 1, 7, 6, 7, 7, 6, 3, 6, 3, 2, 3, 6, 8, 7, 1, 7, 8, 5, 1, 4, 4, 1, 3, 2, 4, 5, 7, 1, 8, 7, 6, 3, 2, 7, 1, 4, 1, 4, 5, 7, 2, 5, 4, 4, 4, 6, 6, 0

Initial Charging
0

Max Charging (in Watt/h)
16800

Charging Rate (in Watt/h)
12000

Discharging Rate (in Watt/h)
48000

Coordinates (Used for GUI, not necessarily related to Distances, Time, Costs)
0, 0, 3070, 2610, 1620, 3730, 1650, 1110, 3850, 470, 2520, 1990, 4520, 3010, 2380, 2250, 2910, 750, 1010, 3410, 3930, 90, 4140, 1470, 2300, 2960, 4490, 1040, 3500, 350, 4600, 2850, 3130, 2960, 4440, 630, 370, 1320, 3490, 1180, 3430, 1010, 3740, 1680, 2560, 3510, 1170, 4450, 820, 1660, 2200, 590, 2040, 3660, 1290, 3640, 2940, 2830, 360, 3460, 4490, 3980, 4130, 1500, 4690, 1070, 3260, 2880, 1470, 1580, 3370, 50, 3430, 470, 1580, 2890, 520, 780, 3660, 960, 3740, 3440, 1490, 4700, 110, 1890, 1360, 100, 390, 3220, 240, 4330, 1690, 3030, 60, 2930, 4610, 910, 270, 3840, 1360, 4810

Distances (Depot-Depot, Depot-1, Depot-..., Depot-N, 1-Depot, 1-1, ..., M-N)
0, 4030, 4067, 1989, 3879, 3211, 5431, 3275, 3005, 3556, 3931, 4393, 3749, 4609, 3517, 5411, 4308, 4484, 1371, 3684, 3576, 4100, 4344, 4601, 1851, 2278, 4190, 3862, 4081, 3479, 6000, 4394, 4811, 4350, 2158, 3370, 3462, 3294, 937, 3784, 5081, 4931, 1893, 1364, 3244, 4337, 3469, 2931, 4699, 3849, 4999, 4030, 0, 1832, 2066, 2278, 829, 1504, 778, 1867, 2210, 2663, 1563, 846, 2117, 2301, 1549, 355, 2408, 2992, 1490, 1640, 1146, 1034, 2645, 2442, 2199, 1471, 2057, 256, 2840, 1973, 1535, 2235, 330, 1903, 2578, 2170, 1516, 3139, 1752, 1067, 2620, 3046, 3037, 2749, 3312, 1442, 3027, 2294, 3058, 2786, 4067, 1832, 0, 2620, 3950, 1959, 2988, 1664, 3247, 689, 4311, 3385, 1027, 3934, 3868, 3107, 1695, 4191, 2715, 3162, 3267, 2949, 965, 849, 2219, 3193, 426, 342, 1598, 1289, 2881, 3358, 4062, 1847, 2155, 4075, 3729, 841, 3148, 3440, 2140, 979, 2380, 3639, 1332, 1505, 703, 1753, 4110, 1354, 1111, 1989, 2066, 2620, 0, 2291, 1237, 3442, 1354, 1310, 2387, 2498, 2516, 1961, 2841, 2000, 3425, 2369, 2831, 1297, 1841, 1783, 2166, 2567, 3374, 996, 757, 2580, 2555, 2150, 2681, 4038, 2510, 3040, 2393, 503, 2020, 1892, 1781, 1177, 2016, 3130, 3594, 1726, 1051, 2458, 3515, 1920, 2417, 2967, 3059, 3711, 3879, 2278, 3950, 2291, 0, 2020, 2627, 2309, 981, 4088, 388, 1041, 2933, 857, 370, 2495, 2592, 611, 3582, 796, 684, 1215, 3302, 4798, 3255, 1654, 3668, 4075, 2529, 4596, 3568, 1067, 1032, 2481, 2626, 638, 420, 3318, 3344, 526, 2972, 4844, 4000, 2517, 4420, 5285, 3350, 4518, 878, 4917, 5004, 3211, 829, 1959, 1237, 2020, 0, 2245, 295, 1300, 2073, 2366, 1701, 995, 2187, 1910, 2251, 1146, 2353, 2252, 1264, 1337, 1259, 1521, 2806, 1732, 1436, 1738, 2058, 939, 2613, 2800, 1683, 2357, 1157, 1127, 2118, 1772, 1301, 2338, 1536, 1895, 2899, 2412, 2218, 2460, 3267, 1331, 2633, 2353, 2913, 3049, 5431, 1504, 2988, 3442, 2627, 2245, 0, 2271, 2775, 3533, 2979, 1586, 2221, 1970, 2849, 179, 1391, 2381, 4481, 2100, 2278, 1542, 2023, 3646, 3939, 3352, 2564, 3291, 1590, 4184, 970, 1560, 1947, 1267, 3369, 3176, 2764, 2942, 4580, 2223, 891, 3469, 4550, 4296, 4135, 4479, 2830, 4461, 2102, 4330, 3637, 3275, 778, 1664, 1354, 2309, 295, 2271, 0, 1591, 1795, 2659, 1925, 714, 2432, 2206, 2300, 1033, 2621, 2215, 1542, 1625, 1475, 1273, 2511, 1668, 1670, 1450, 1766, 806, 2355, 2729, 1904, 2594, 1082, 1130, 2412, 2067, 1024, 2371, 1817, 1807, 2607, 2298, 2380, 2214, 2984, 1041, 2418, 2602, 2642, 2756, 3005, 1867, 3247, 1310, 981, 1300, 2775, 1591, 0, 3269, 1215, 1425, 2293, 1606, 713, 2696, 2221, 1535, 2603, 722, 581, 1247, 2782, 4089, 2280, 728, 3037, 3313, 2080, 3721, 3596, 1432, 1809, 2159, 1662, 838, 591, 2520, 2390, 779, 2815, 4197, 3023, 1681, 3529, 4466, 2586, 3588, 1708, 4064, 4346, 3556, 2210, 689, 2387, 4088, 2073, 3533, 1795, 3269, 0, 4421, 3682, 1366, 4210, 3945, 3633, 2167, 4415, 2186, 3335, 3408, 3232, 1553, 1052, 1760, 3061, 1060, 362, 2015, 652, 3526, 3658, 4361, 2312, 1887, 4106, 3808, 772, 2675, 3609, 2730, 1376, 1766, 3328, 648, 1200, 779, 1064, 4383, 856, 1443, 3931, 2663, 4311, 2498, 388, 2366, 2979, 2659, 1215, 4421, 0, 1396, 3301, 1103, 502, 2840, 2979, 743, 3766, 1175, 1047, 1601, 3684, 5160, 3484, 1801, 4039, 4424, 2913, 4909, 3930, 1424, 1240, 2869, 2876, 561, 628, 3655, 3479, 911, 3355, 5216, 4223, 2570, 4725, 5621, 3696, 4800, 1065, 5240, 5374, 4393, 1563, 3385, 2516, 1041, 1701, 1586, 1925, 1425, 3682, 1396, 0, 2368, 554, 1290, 1455, 1800, 892, 3773, 712, 846, 452, 2580, 4207, 3325, 2130, 3034, 3582, 1814, 4272, 2534, 32, 680, 1662, 2672, 1615, 1226, 2927, 3685, 700, 2010, 4178, 4052, 3099, 4138, 4836, 2904, 4333, 731, 4538, 4346, 3749, 846, 1027, 1961, 2933, 995, 2221, 714, 2293, 1366, 3301, 2368, 0, 2912, 2873, 2303, 830, 3164, 2533, 2141, 2254, 1927, 608, 1870, 1970, 2372, 747, 1218, 653, 2003, 2416, 2341, 3047, 963, 1610, 3100, 2734, 723, 2814, 2419, 1518, 1919, 2437, 3011, 1928, 2474, 614, 2240, 3088, 2213, 2075, 4609, 2117, 3934, 2841, 857, 2187, 1970, 2432, 1606, 4210, 1103, 554, 2912, 0, 1207, 1813, 2353, 413, 4130, 1010, 1060, 986, 3135, 4759, 3722, 2334, 3587, 4123, 2368, 4787, 2940, 584, 202, 2213, 3068, 1495, 1204, 3448, 3979, 834, 2514, 4732, 4462, 3268, 4644, 5375, 3435, 4816, 177, 5064, 4900, 3517, 2301, 3868, 2000, 370, 1910, 2849, 2206, 713, 3945, 502, 1290, 2873, 1207, 0, 2731, 2636, 981, 3277, 830, 664, 1351, 3297, 4716, 2983, 1322, 3618, 3963, 2542, 4419, 3763, 1311, 1391, 2541, 2374, 327, 139, 3184, 3011, 631, 3099, 4792, 3723, 2155, 4232, 5145, 3234, 4300, 1243, 4755, 4947, 5411, 1549, 3107, 3425, 2495, 2251, 179, 2300, 2696, 3633, 2840, 1455, 2303, 1813, 2731, 0, 1474, 2226, 4498, 2005, 2180, 1452, 2144, 3785, 3963, 3297, 2685, 3403, 1660, 4284, 1135, 1429, 1782, 1340, 3378, 3058, 2652, 3020, 4575, 2111, 1043, 3619, 4591, 4250, 4226, 4604, 2916, 4541, 1940, 4442, 3787, 4308, 355, 1695, 2369, 2592, 1146, 1391, 1033, 2221, 2167, 2979, 1800, 830, 2353, 2636, 1474, 0, 2673, 3210, 1816, 1973, 1418, 792, 2462, 2651, 2546, 1295, 1962, 230, 2815, 1700, 1770, 2451, 153, 2159, 2920, 2508, 1552, 3401, 2069, 776, 2391, 3204, 3363, 2752, 3198, 1442, 3070, 2528, 2992, 2560, 4484, 2408, 4191, 2831, 611, 2353, 2381, 2621, 1535, 4415, 743, 892, 3164, 413, 981, 2226, 2673, 0, 4128, 1098, 1079, 1262, 3439, 5028, 3764, 2240, 3865, 4357, 2663, 4965, 3350, 924, 506, 2541, 3118, 1217, 1023, 3645, 3923, 847, 2896, 5027, 4510, 3125, 4807, 5597, 3650, 4947, 328, 5262, 5192, 1371, 2992, 2715, 1297, 3582, 2252, 4481, 2215, 2603, 2186, 3766, 3773, 2533, 4130, 3277, 4498, 3210, 4128, 0, 3123, 3076, 3389, 3097, 3231, 564, 1970, 2875, 2496, 2981, 2140, 4904, 3764, 4327, 3284, 1130, 3258, 3176, 1982, 560, 3310, 3981, 3561, 626, 1571, 1900, 3013, 2160, 1640, 4260, 2522, 3628, 3684, 1490, 3162, 1841, 796, 1264, 2100, 1542, 722, 3335, 1175, 712, 2141, 1010, 830, 2005, 1816, 1098, 3123, 0, 180, 559, 2509, 4009, 2713, 1419, 2873, 3300, 1739, 3872, 2973, 716, 1205, 1715, 2059, 1136, 713, 2564, 2997, 278, 2274, 4049, 3454, 2388, 3711, 4526, 2581, 3851, 1152, 4177, 4209, 3576, 1640, 3267, 1783, 684, 1337, 2278, 1625, 581, 3408, 1047, 846, 2254, 1060, 664, 2180, 1973, 1079, 3076, 180, 0, 738, 2647, 4116, 2690, 1300, 2992, 3391, 1885, 3928, 3153, 854, 1261, 1878, 2041, 962, 540, 2638, 2919, 235, 2450, 4169, 3435, 2261, 3758, 4604, 2666, 3879, 1184, 4242, 4327, 4100, 1146, 2949, 2166, 1215, 1259, 1542, 1475, 1247, 3232, 1601, 452, 1927, 986, 1351, 1452, 1418, 1262, 3389, 559, 738, 0, 2177, 3779, 2920, 1887, 2610, 3138, 1401, 3820, 2419, 430, 1129, 1292, 2272, 1671, 1249, 2476, 3343, 724, 1760, 3766, 3636, 2857, 3687, 4390, 2455, 3887, 1162, 4087, 3932, 4344, 1034, 965, 2567, 3302, 1521, 2023, 1273, 2782, 1553, 3684, 2580, 608, 3135, 3297, 2144, 792, 3439, 3097, 2509, 2647, 2177, 0, 1678, 2540, 2942, 541, 1277, 779, 2201, 1986, 2550, 3239, 942, 2217, 3554, 3162, 1160, 3408, 2777, 1182, 1600, 2937, 3615, 2189, 2461, 994, 2566, 3311, 2314, 1769, 4601, 2645, 849, 3374, 4798, 2806, 3646, 2511, 4089, 1052, 5160, 4207, 1870, 4759, 4716, 3785, 2462, 5028, 3231, 4009, 4116, 3779, 1678, 0, 2812, 3995, 1175, 819, 2399, 1279, 3353, 4179, 4880, 2614, 2886, 4919, 4577, 1613, 3727, 4287, 2761, 406, 2771, 4354, 1456, 938, 1512, 1882, 4936, 1087, 407, 1851, 2442, 2219, 996, 3255, 1732, 3939, 1668, 2280, 1760, 3484, 3325, 1970, 3722, 2983, 3963, 2651, 3764, 564, 2713, 2690, 2920, 2540, 2812, 0, 1746, 2343, 2035, 2421, 1858, 4342, 3314, 3915, 2728, 655, 3016, 2868, 1446, 930, 2925, 3420, 3113, 746, 1651, 1618, 2732, 1623, 1480, 3863, 2248, 3196, 2278, 2199, 3193, 757, 1654, 1436, 3352, 1670, 728, 3061, 1801, 2130, 2372, 2334, 1322, 3297, 2546, 2240, 1970, 1419, 1300, 1887, 2942, 3995, 1746, 0, 3074, 3183, 2359, 3409, 4091, 2134, 2536, 2523, 1230, 1289, 1236, 2382, 1691, 1506, 3239, 4171, 2461, 972, 3193, 4222, 2493, 3171, 2431, 3780, 4303, 4190, 1471, 426, 2580, 3668, 1738, 2564, 1450, 3037, 1060, 4039, 3034, 747, 3587, 3618, 2685, 1295, 3865, 2875, 2873, 2992, 2610, 541, 1175, 2343, 3074, 0, 750, 1224, 1692, 2471, 3006, 3705, 1448, 2157, 3847, 3480, 897, 3257, 3149, 1714, 1176, 2619, 3624, 1708, 1921, 721, 2110, 3764, 1779, 1336, 3862, 2057, 342, 2555, 4075, 2058, 3291, 1766, 3313, 362, 4424, 3582, 1218, 4123, 3963, 3403, 1962, 4357, 2496, 3300, 3391, 3138, 1277, 819, 2035, 3183, 750, 0, 1838, 947, 3218, 3556, 4262, 2112, 2068, 4149, 3825, 804, 2962, 3578, 2458, 1079, 2111, 3541, 993, 1256, 729, 1420, 4298, 1039, 1172, 4081, 256, 1598, 2150, 2529, 939, 1590, 806, 2080, 2015, 2913, 1814, 653, 2368, 2542, 1660, 230, 2663, 2981, 1739, 1885, 1401, 779, 2399, 2421, 2359, 1224, 1838, 0, 2656, 1930, 1785, 2482, 324, 1930, 2813, 2410, 1361, 3172, 2004, 1006, 2366, 2982, 3154, 2580, 3089, 1266, 2882, 2545, 2855, 2533, 3479, 2840, 1289, 2681, 4596, 2613, 4184, 2355, 3721, 652, 4909, 4272, 2003, 4787, 4419, 4284, 2815, 4965, 2140, 3872, 3928, 3820, 2201, 1279, 1858, 3409, 1692, 947, 2656, 0, 4163, 4249, 4946, 2957, 2183, 4548, 4285, 1347, 2685, 4140, 3380, 1678, 1590, 3506, 242, 878, 1398, 609, 4956, 391, 1680, 6000, 1973, 2881, 4038, 3568, 2800, 970, 2729, 3596, 3526, 3930, 2534, 2416, 2940, 3763, 1135, 1700, 3350, 4904, 2973, 3153, 2419, 1986, 3353, 4342, 4091, 2471, 3218, 1930, 4163, 0, 2506, 2917, 1650, 3858, 4086, 3667, 3107, 5099, 3132, 924, 3085, 4853, 4985, 4170, 4264, 2957, 4553, 3072, 4222, 3238, 4394, 1535, 3358, 2510, 1067, 1683, 1560, 1904, 1432, 3658, 1424, 32, 2341, 584, 1311, 1429, 1770, 924, 3764, 716, 854, 430, 2550, 4179, 3314, 2134, 3006, 3556, 1785, 4249, 2506, 0, 706, 1631, 2661, 1637, 1245, 2904, 3681, 716, 1979, 4148, 4039, 3104, 4117, 4811, 2880, 4314, 761, 4514, 4316, 4811, 2235, 4062, 3040, 1032, 2357, 1947, 2594, 1809, 4361, 1240, 680, 3047, 202, 1391, 1782, 2451, 506, 4327, 1205, 1261, 1129, 3239, 4880, 3915, 2536, 3705, 4262, 2482, 4946, 2917, 706, 0, 2307, 3260, 1668, 1396, 3603, 4180, 1036, 2553, 4839, 4653, 3468, 4808, 5516, 3584, 4990, 179, 5216, 5008, 4350, 330, 1847, 2393, 2481, 1157, 1267, 1082, 2159, 2312, 2869, 1662, 963, 2213, 2541, 1340, 153, 2541, 3284, 1715, 1878, 1292, 942, 2614, 2728, 2523, 1448, 2112, 324, 2957, 1650, 1631, 2307, 0, 2212, 2832, 2416, 1680, 3452, 1961, 738, 2539, 3302, 3367, 2890, 3350, 1577, 3200, 2388, 3140, 2708, 2158, 1903, 2155, 503, 2626, 1127, 3369, 1130, 1662, 1887, 2876, 2672, 1610, 3068, 2374, 3378, 2159, 3118, 1130, 2059, 2041, 2272, 2217, 2886, 655, 1230, 2157, 2068, 1930, 2183, 3858, 2661, 3260, 2212, 0, 2439, 2252, 1315, 1242, 2276, 2935, 3120, 1395, 1484, 1964, 3013, 1467, 1952, 3211, 2559, 3232, 3370, 2578, 4075, 2020, 638, 2118, 3176, 2412, 838, 4106, 561, 1615, 3100, 1495, 327, 3058, 2920, 1217, 3258, 1136, 962, 1671, 3554, 4919, 3016, 1289, 3847, 4149, 2813, 4548, 4086, 1637, 1668, 2832, 2439, 0, 424, 3357, 2942, 955, 3410, 5016, 3743, 2011, 4351, 5302, 3421, 4388, 1509, 4896, 5167, 3462, 2170, 3729, 1892, 420, 1772, 2764, 2067, 591, 3808, 628, 1226, 2734, 1204, 139, 2652, 2508, 1023, 3176, 713, 540, 1249, 3162, 4577, 2868, 1236, 3480, 3825, 2410, 4285, 3667, 1245, 1396, 2416, 2252, 424, 0, 3046, 2926, 541, 2986, 4654, 3611, 2103, 4099, 5008, 3095, 4172, 1259, 4620, 4808, 3294, 1516, 841, 1781, 3318, 1301, 2942, 1024, 2520, 772, 3655, 2927, 723, 3448, 3184, 3020, 1552, 3645, 1982, 2564, 2638, 2476, 1160, 1613, 1446, 2382, 897, 804, 1361, 1347, 3107, 2904, 3603, 1680, 1315, 3357, 3046, 0, 2361, 2837, 2229, 1812, 1778, 2799, 1235, 1967, 178, 1521, 3620, 1618, 1933, 937, 3139, 3148, 1177, 3344, 2338, 4580, 2371, 2390, 2675, 3479, 3685, 2814, 3979, 3011, 4575, 3401, 3923, 560, 2997, 2919, 3343, 3408, 3727, 930, 1691, 3257, 2962, 3172, 2685, 5099, 3681, 4180, 3452, 1242, 2942, 2926, 2361, 0, 3145, 4177, 4038, 1183, 1081, 2443, 3561, 2536, 2199, 4092, 3070, 4117, 3784, 1752, 3440, 2016, 526, 1536, 2223, 1817, 779, 3609, 911, 700, 2419, 834, 631, 2111, 2069, 847, 3310, 278, 235, 724, 2777, 4287, 2925, 1506, 3149, 3578, 2004, 4140, 3132, 716, 1036, 1961, 2276, 955, 541, 2837, 3145, 0, 2481, 4324, 3670, 2456, 3975, 4801, 2858, 4104, 951, 4448, 4485, 5081, 1067, 2140, 3130, 2972, 1895, 891, 1807, 2815, 2730, 3355, 2010, 1518, 2514, 3099, 1043, 776, 2896, 3981, 2274, 2450, 1760, 1182, 2761, 3420, 3239, 1714, 2458, 1006, 3380, 924, 1979, 2553, 738, 2935, 3410, 2986, 2229, 4177, 2481, 0, 2579, 3947, 4101, 3357, 3611, 2091, 3715, 2675, 3493, 2746, 4931, 2620, 979, 3594, 4844, 2899, 3469, 2607, 4197, 1376, 5216, 4178, 1919, 4732, 4792, 3619, 2391, 5027, 3561, 4049, 4169, 3766, 1600, 406, 3113, 4171, 1176, 1079, 2366, 1678, 3085, 4148, 4839, 2539, 3120, 5016, 4654, 1812, 4038, 4324, 2579, 0, 3131, 4602, 1844, 1304, 1682, 2275, 4909, 1493, 170, 1893, 3046, 2380, 1726, 4000, 2412, 4550, 2298, 3023, 1766, 4223, 4052, 2437, 4462, 3723, 4591, 3204, 4510, 626, 3454, 3435, 3636, 2937, 2771, 746, 2461, 2619, 2111, 2982, 1590, 4853, 4039, 4653, 3302, 1395, 3743, 3611, 1778, 1183, 3670, 3947, 3131, 0, 2183, 1359, 2443, 1948, 1041, 4605, 1957, 3176, 1364, 3037, 3639, 1051, 2517, 2218, 4296, 2380, 1681, 3328, 2570, 3099, 3011, 3268, 2155, 4250, 3363, 3125, 1571, 2388, 2261, 2857, 3615, 4354, 1651, 972, 3624, 3541, 3154, 3506, 4985, 3104, 3468, 3367, 1484, 2011, 2103, 2799, 1081, 2456, 4101, 4602, 2183, 0, 3267, 4376, 2949, 3114, 3349, 3896, 4710, 3244, 2749, 1332, 2458, 4420, 2460, 4135, 2214, 3529, 648, 4725, 4138, 1928, 4644, 4232, 4226, 2752, 4807, 1900, 3711, 3758, 3687, 2189, 1456, 1618, 3193, 1708, 993, 2580, 242, 4170, 4117, 4808, 2890, 1964, 4351, 4099, 1235, 2443, 3975, 3357, 1844, 1359, 3267, 0, 1120, 1314, 439, 4811, 632, 1863, 4337, 3312, 1505, 3515, 5285, 3267, 4479, 2984, 4466, 1200, 5621, 4836, 2474, 5375, 5145, 4604, 3198, 5597, 3013, 4526, 4604, 4390, 2461, 938, 2732, 4222, 1921, 1256, 3089, 878, 4264, 4811, 5516, 3350, 3013, 5302, 5008, 1967, 3561, 4801, 3611, 1304, 2443, 4376, 1120, 0, 1947, 1412, 5549, 491, 1219, 3469, 1442, 703, 1920, 3350, 1331, 2830, 1041, 2586, 779, 3696, 2904, 614, 3435, 3234, 2916, 1442, 3650, 2160, 2581, 2666, 2455, 994, 1512, 1623, 2493, 721, 729, 1266, 1398, 2957, 2880, 3584, 1577, 1467, 3421, 3095, 178, 2536, 2858, 2091, 1682, 1948, 2949, 1314, 1947, 0, 1633, 3608, 1635, 1810, 2931, 3027, 1753, 2417, 4518, 2633, 4461, 2418, 3588, 1064, 4800, 4333, 2240, 4816, 4300, 4541, 3070, 4947, 1640, 3851, 3879, 3887, 2566, 1882, 1480, 3171, 2110, 1420, 2882, 609, 4553, 4314, 4990, 3200, 1952, 4388, 4172, 1521, 2199, 4104, 3715, 2275, 1041, 3114, 439, 1412, 1633, 0, 4978, 934, 2286, 4699, 2294, 4110, 2967, 878, 2353, 2102, 2602, 1708, 4383, 1065, 731, 3088, 177, 1243, 1940, 2528, 328, 4260, 1152, 1184, 1162, 3311, 4936, 3863, 2431, 3764, 4298, 2545, 4956, 3072, 761, 179, 2388, 3211, 1509, 1259, 3620, 4092, 951, 2675, 4909, 4605, 3349, 4811, 5549, 3608, 4978, 0, 5236, 5077, 3849, 3058, 1354, 3059, 4917, 2913, 4330, 2642, 4064, 856, 5240, 4538, 2213, 5064, 4755, 4442, 2992, 5262, 2522, 4177, 4242, 4087, 2314, 1087, 2248, 3780, 1779, 1039, 2855, 391, 4222, 4514, 5216, 3140, 2559, 4896, 4620, 1618, 3070, 4448, 3493, 1493, 1957, 3896, 632, 491, 1635, 934, 5236, 0, 1459, 4999, 2786, 1111, 3711, 5004, 3049, 3637, 2756, 4346, 1443, 5374, 4346, 2075, 4900, 4947, 3787, 2560, 5192, 3628, 4209, 4327, 3932, 1769, 407, 3196, 4303, 1336, 1172, 2533, 1680, 3238, 4316, 5008, 2708, 3232, 5167, 4808, 1933, 4117, 4485, 2746, 170, 3176, 4710, 1863, 1219, 1810, 2286, 5077, 1459, 0

Time (same as Distance for all Modes: combustion, combustion+charging, electric, combustion+electric)
0, 10.08, 10.17, 4.97, 9.7, 8.03, 11.24, 8.19, 7.51, 8.89, 9.83, 10.98, 9.37, 11.52, 8.79, 11.2, 10.77, 11.21, 3.43, 9.21, 8.94, 10.25, 10.86, 11.5, 4.63, 5.7, 10.48, 9.66, 10.2, 8.7, 12.41, 10.99, 12.03, 10.88, 5.4, 8.43, 8.66, 8.24, 3.31, 9.46, 10.51, 12.33, 4.73, 3.41, 8.11, 10.84, 8.67, 7.33, 11.75, 9.62, 12.5, 10.08, 0, 4.58, 5.17, 5.7, 2.93, 3.76, 2.75, 4.67, 5.53, 6.66, 3.91, 2.99, 5.29, 5.75, 3.87, 1.78, 6.02, 7.48, 3.73, 4.1, 2.87, 2.59, 6.61, 6.11, 5.5, 3.68, 5.14, 1.28, 7.1, 4.93, 3.84, 5.59, 1.65, 4.76, 6.45, 5.43, 3.79, 7.85, 4.38, 2.67, 6.55, 7.62, 7.59, 6.87, 8.28, 3.61, 7.57, 5.74, 7.65, 6.97, 10.17, 4.58, 0, 6.55, 9.88, 4.9, 7.47, 4.16, 8.12, 2.43, 10.78, 8.46, 2.57, 9.84, 9.67, 7.77, 4.24, 10.48, 6.79, 7.91, 8.17, 7.37, 3.41, 3, 5.55, 7.98, 2.13, 1.71, 4, 3.22, 7.2, 8.4, 10.16, 4.62, 5.39, 10.19, 9.32, 2.97, 7.87, 8.6, 5.35, 3.46, 5.95, 9.1, 3.33, 3.76, 2.48, 4.38, 10.28, 3.39, 2.78, 4.97, 5.17, 6.55, 0, 5.73, 3.09, 8.61, 3.39, 3.28, 5.97, 6.25, 6.29, 4.9, 7.1, 5, 8.56, 5.92, 7.08, 3.24, 4.6, 4.46, 5.42, 6.42, 8.44, 3.52, 2.67, 6.45, 6.39, 5.38, 6.7, 10.1, 6.28, 7.6, 5.98, 1.78, 5.05, 4.73, 4.45, 2.94, 5.04, 7.83, 8.99, 4.32, 2.63, 6.15, 8.79, 4.8, 6.04, 7.42, 7.65, 9.28, 9.7, 5.7, 9.88, 5.73, 0, 5.05, 6.57, 5.77, 3.46, 10.22, 1.94, 2.6, 7.33, 3.02, 1.85, 6.24, 6.48, 2.16, 8.96, 2.81, 2.41, 3.04, 8.26, 12, 8.14, 4.14, 9.17, 10.19, 6.32, 11.49, 8.92, 2.67, 2.58, 6.2, 6.57, 2.25, 2.1, 8.3, 8.36, 1.86, 7.43, 12.11, 10, 6.29, 11.05, 10.93, 8.38, 11.3, 3.1, 12.29, 10.35, 8.03, 2.93, 4.9, 3.09, 5.05, 0, 5.61, 1.48, 3.25, 5.18, 5.92, 4.25, 3.51, 5.47, 4.78, 5.63, 2.87, 5.88, 5.63, 3.16, 3.34, 3.15, 3.8, 7.02, 4.33, 3.59, 4.35, 5.15, 3.31, 6.53, 7, 4.21, 5.89, 2.89, 2.82, 5.3, 4.43, 3.25, 5.85, 3.84, 4.74, 7.25, 6.03, 5.55, 6.15, 8.17, 3.33, 6.58, 5.88, 7.28, 7.62, 11.24, 3.76, 7.47, 8.61, 6.57, 5.61, 0, 5.68, 6.94, 8.83, 7.45, 3.97, 5.55, 4.93, 7.12, 0.9, 3.48, 5.95, 11.2, 5.25, 5.7, 3.86, 5.06, 9.12, 9.85, 8.38, 6.41, 8.23, 3.98, 10.46, 3.42, 3.9, 4.87, 3.17, 8.42, 7.94, 6.91, 7.36, 11.45, 5.56, 3.14, 8.67, 11.38, 10.74, 10.34, 11.2, 7.08, 11.15, 5.26, 10.83, 9.09, 8.19, 2.75, 4.16, 3.39, 5.77, 1.48, 5.68, 0, 3.98, 4.49, 6.65, 4.81, 2.52, 6.08, 5.52, 5.75, 2.58, 6.55, 5.54, 3.86, 4.06, 3.69, 3.18, 6.28, 4.17, 4.18, 3.63, 4.42, 2.84, 5.89, 6.82, 4.76, 6.49, 2.71, 2.83, 6.03, 5.17, 2.56, 5.93, 4.54, 4.52, 6.52, 5.75, 5.95, 5.54, 7.46, 2.6, 6.05, 6.51, 6.61, 6.89, 7.51, 4.67, 8.12, 3.28, 3.46, 3.25, 6.94, 3.98, 0, 8.17, 3.04, 3.56, 5.73, 4.02, 2.52, 6.74, 5.55, 3.84, 6.51, 2.55, 2.05, 3.12, 6.96, 10.22, 5.7, 2.57, 7.59, 8.28, 5.2, 9.3, 8.99, 3.58, 4.52, 5.4, 4.16, 2.96, 2.09, 6.3, 5.98, 2.75, 7.04, 10.49, 7.56, 4.2, 8.82, 11.17, 6.47, 8.97, 4.27, 10.16, 10.87, 8.89, 5.53, 2.43, 5.97, 10.22, 5.18, 8.83, 4.49, 8.17, 0, 11.05, 9.21, 3.42, 10.53, 9.86, 9.08, 5.42, 11.04, 5.47, 8.34, 8.52, 8.08, 3.88, 2.63, 4.4, 7.65, 2.65, 1.81, 5.04, 2.3, 8.82, 9.15, 10.9, 5.78, 4.72, 10.27, 9.52, 2.72, 6.69, 9.02, 6.83, 3.44, 4.42, 8.32, 2.29, 3, 2.75, 2.66, 10.96, 3.02, 3.61, 9.83, 6.66, 10.78, 6.25, 1.94, 5.92, 7.45, 6.65, 3.04, 11.05, 0, 3.49, 8.25, 2.76, 1.77, 7.1, 7.45, 2.62, 9.42, 2.94, 2.62, 4, 9.21, 10.68, 8.71, 4.5, 10.1, 11.06, 7.28, 12.27, 9.83, 3.56, 3.1, 7.17, 7.19, 1.98, 2.22, 9.14, 8.7, 3.22, 8.39, 10.79, 10.56, 6.43, 11.81, 11.63, 9.24, 12, 2.66, 10.84, 11.12, 10.98, 3.91, 8.46, 6.29, 2.6, 4.25, 3.97, 4.81, 3.56, 9.21, 3.49, 0, 5.92, 1.96, 3.23, 3.64, 4.5, 3.15, 9.43, 2.51, 2.99, 2.26, 6.45, 10.52, 8.31, 5.33, 7.59, 8.96, 4.54, 10.68, 6.34, 0.19, 2.4, 4.16, 6.68, 4.04, 3.07, 7.32, 9.21, 2.47, 5.03, 10.45, 10.13, 7.75, 10.35, 12.09, 7.26, 10.83, 2.58, 11.35, 10.87, 9.37, 2.99, 2.57, 4.9, 7.33, 3.51, 5.55, 2.52, 5.73, 3.42, 8.25, 5.92, 0, 7.28, 7.18, 5.76, 2.93, 7.91, 6.33, 5.35, 5.64, 4.82, 2.15, 4.68, 4.93, 5.93, 2.64, 3.05, 2.3, 5.01, 6.04, 5.85, 7.62, 3.4, 4.03, 7.75, 6.84, 2.55, 7.04, 6.05, 3.8, 4.8, 6.09, 7.53, 4.82, 6.19, 2.17, 5.6, 7.72, 5.53, 5.19, 11.52, 5.29, 9.84, 7.1, 3.02, 5.47, 4.93, 6.08, 4.02, 10.53, 2.76, 1.96, 7.28, 0, 3.02, 4.53, 5.88, 2.07, 10.33, 2.53, 2.65, 3.48, 7.84, 11.9, 9.31, 5.84, 8.97, 10.31, 5.92, 11.97, 7.35, 2.06, 1.01, 5.53, 7.67, 3.74, 3.01, 8.62, 9.95, 2.94, 6.29, 11.83, 11.16, 8.17, 11.61, 11.12, 8.59, 12.04, 0.89, 10.48, 12.25, 8.79, 5.75, 9.67, 5, 1.85, 4.78, 7.12, 5.52, 2.52, 9.86, 1.77, 3.23, 7.18, 3.02, 0, 6.83, 6.59, 3.46, 8.19, 2.93, 2.34, 3.38, 8.24, 11.79, 7.46, 3.31, 9.05, 9.91, 6.36, 11.05, 9.41, 3.28, 3.48, 6.35, 5.94, 1.64, 0.7, 7.96, 7.53, 2.23, 7.75, 11.98, 9.31, 5.39, 10.58, 10.64, 8.09, 10.75, 3.11, 11.89, 12.37, 11.2, 3.87, 7.77, 8.56, 6.24, 5.63, 0.9, 5.75, 6.74, 9.08, 7.1, 3.64, 5.76, 4.53, 6.83, 0, 3.69, 5.57, 11.25, 5.01, 5.45, 3.63, 5.36, 9.46, 9.91, 8.24, 6.71, 8.51, 4.15, 10.71, 2.84, 3.57, 4.46, 3.35, 8.45, 7.65, 6.63, 7.55, 11.44, 5.28, 2.61, 9.05, 11.48, 10.63, 10.57, 11.51, 7.29, 11.35, 4.85, 11.11, 9.47, 10.77, 1.78, 4.24, 5.92, 6.48, 2.87, 3.48, 2.58, 5.55, 5.42, 7.45, 4.5, 2.93, 5.88, 6.59, 3.69, 0, 6.68, 8.03, 4.54, 4.93, 3.55, 2.8, 6.16, 6.63, 6.37, 3.24, 4.91, 1.15, 7.04, 4.25, 4.43, 6.13, 0.77, 5.4, 7.3, 6.27, 3.88, 8.5, 5.17, 2.74, 5.98, 8.01, 8.41, 6.88, 8, 3.61, 7.68, 6.32, 7.48, 6.4, 11.21, 6.02, 10.48, 7.08, 2.16, 5.88, 5.95, 6.55, 3.84, 11.04, 2.62, 3.15, 7.91, 2.07, 3.46, 5.57, 6.68, 0, 10.32, 2.75, 2.7, 3.16, 8.6, 10.4, 9.41, 5.6, 9.66, 10.89, 6.66, 12.41, 8.38, 3.26, 1.79, 6.35, 7.8, 3.04, 2.56, 9.11, 9.81, 2.99, 7.24, 10.4, 11.28, 7.81, 12.02, 11.58, 9.13, 12.37, 1.64, 10.89, 10.74, 3.43, 7.48, 6.79, 3.24, 8.96, 5.63, 11.2, 5.54, 6.51, 5.47, 9.42, 9.43, 6.33, 10.33, 8.19, 11.25, 8.03, 10.32, 0, 7.81, 7.69, 8.47, 7.74, 8.08, 1.99, 4.93, 7.19, 6.24, 7.45, 5.35, 12.26, 9.41, 10.82, 8.21, 2.83, 8.15, 7.94, 4.96, 1.98, 8.28, 9.95, 8.9, 2.21, 3.93, 4.75, 7.53, 5.4, 4.1, 10.65, 6.31, 9.07, 9.21, 3.73, 7.91, 4.6, 2.81, 3.16, 5.25, 3.86, 2.55, 8.34, 2.94, 2.51, 5.35, 2.53, 2.93, 5.01, 4.54, 2.75, 7.81, 0, 0.9, 1.97, 6.27, 10.02, 6.78, 3.55, 7.18, 8.25, 4.35, 9.68, 7.43, 2.53, 3.01, 4.29, 5.15, 2.84, 2.52, 6.41, 7.49, 1.39, 5.69, 10.12, 8.64, 5.97, 9.28, 11.32, 6.45, 9.63, 2.88, 10.44, 10.52, 8.94, 4.1, 8.17, 4.46, 2.41, 3.34, 5.7, 4.06, 2.05, 8.52, 2.62, 2.99, 5.64, 2.65, 2.34, 5.45, 4.93, 2.7, 7.69, 0.9, 0, 2.6, 6.62, 10.29, 6.73, 3.25, 7.48, 8.48, 4.71, 9.82, 7.88, 3.01, 3.15, 4.7, 5.1, 3.4, 1.91, 6.6, 7.3, 1.18, 6.13, 10.42, 8.59, 5.65, 9.4, 11.51, 6.67, 9.7, 2.96, 10.61, 10.82, 10.25, 2.87, 7.37, 5.42, 3.04, 3.15, 3.86, 3.69, 3.12, 8.08, 4, 2.26, 4.82, 3.48, 3.38, 3.63, 3.55, 3.16, 8.47, 1.97, 2.6, 0, 5.44, 9.45, 7.3, 4.72, 6.53, 7.85, 3.5, 9.55, 6.05, 2.15, 2.82, 3.23, 5.68, 4.18, 3.12, 6.19, 8.36, 2.56, 4.4, 9.42, 9.09, 7.14, 9.22, 10.98, 6.14, 9.72, 2.91, 10.22, 9.83, 10.86, 2.59, 3.41, 6.42, 8.26, 3.8, 5.06, 3.18, 6.96, 3.88, 9.21, 6.45, 2.15, 7.84, 8.24, 5.36, 2.8, 8.6, 7.74, 6.27, 6.62, 5.44, 0, 4.2, 6.35, 7.36, 1.91, 3.19, 2.75, 5.5, 4.97, 6.38, 8.1, 3.32, 5.54, 8.89, 7.91, 2.9, 8.52, 6.94, 2.96, 4, 7.34, 9.04, 5.47, 6.15, 3.51, 6.42, 8.28, 5.79, 4.42, 11.5, 6.61, 3, 8.44, 12, 7.02, 9.12, 6.28, 10.22, 2.63, 10.68, 10.52, 4.68, 11.9, 11.79, 9.46, 6.16, 10.4, 8.08, 10.02, 10.29, 9.45, 4.2, 0, 7.03, 9.99, 2.94, 2.89, 6, 3.2, 8.38, 10.45, 12.2, 6.54, 7.22, 12.3, 11.44, 4.03, 9.32, 10.72, 6.9, 2.03, 6.93, 10.89, 3.64, 3.31, 3.78, 4.71, 12.34, 2.72, 2.04, 4.63, 6.11, 5.55, 3.52, 8.14, 4.33, 9.85, 4.17, 5.7, 4.4, 8.71, 8.31, 4.93, 9.31, 7.46, 9.91, 6.63, 9.41, 1.99, 6.78, 6.73, 7.3, 6.35, 7.03, 0, 4.37, 5.86, 5.09, 6.05, 4.65, 10.86, 8.29, 9.79, 6.82, 2.31, 7.54, 7.17, 3.62, 3.28, 7.31, 8.55, 7.78, 2.63, 4.13, 4.05, 6.83, 4.06, 3.7, 9.66, 5.62, 7.99, 5.7, 5.5, 7.98, 2.67, 4.14, 3.59, 8.38, 4.18, 2.57, 7.65, 4.5, 5.33, 5.93, 5.84, 3.31, 8.24, 6.37, 5.6, 4.93, 3.55, 3.25, 4.72, 7.36, 9.99, 4.37, 0, 7.69, 7.96, 5.9, 8.52, 10.23, 5.34, 6.34, 6.31, 3.08, 3.22, 3.09, 5.96, 4.23, 3.77, 8.1, 10.43, 6.15, 3.43, 7.98, 10.56, 6.23, 7.93, 6.08, 9.45, 10.76, 10.48, 3.68, 2.13, 6.45, 9.17, 4.35, 6.41, 3.63, 7.59, 2.65, 10.1, 7.59, 2.64, 8.97, 9.05, 6.71, 3.24, 9.66, 7.19, 7.18, 7.48, 6.53, 1.91, 2.94, 5.86, 7.69, 0, 2.65, 3.06, 4.23, 6.18, 7.52, 9.26, 3.62, 5.39, 9.62, 8.7, 3.17, 8.14, 7.87, 4.29, 2.94, 6.55, 9.06, 4.27, 4.8, 2.54, 5.28, 9.41, 4.45, 3.34, 9.66, 5.14, 1.71, 6.39, 10.19, 5.15, 8.23, 4.42, 8.28, 1.81, 11.06, 8.96, 3.05, 10.31, 9.91, 8.51, 4.91, 10.89, 6.24, 8.25, 8.48, 7.85, 3.19, 2.89, 5.09, 7.96, 2.65, 0, 4.6, 3.34, 8.05, 8.89, 10.66, 5.28, 5.17, 10.37, 9.56, 2.84, 7.41, 8.95, 6.15, 2.7, 5.28, 8.85, 3.5, 3.14, 2.57, 3.55, 10.75, 2.6, 2.93, 10.2, 1.28, 4, 5.38, 6.32, 3.31, 3.98, 2.84, 5.2, 5.04, 7.28, 4.54, 2.3, 5.92, 6.36, 4.15, 1.15, 6.66, 7.45, 4.35, 4.71, 3.5, 2.75, 6, 6.05, 5.9, 3.06, 4.6, 0, 6.64, 4.83, 4.46, 6.21, 1.62, 4.83, 7.03, 6.03, 3.4, 7.93, 5.01, 2.52, 5.92, 7.46, 7.89, 6.45, 7.72, 3.17, 7.21, 6.36, 7.14, 6.33, 8.7, 7.1, 3.22, 6.7, 11.49, 6.53, 10.46, 5.89, 9.3, 2.3, 12.27, 10.68, 5.01, 11.97, 11.05, 10.71, 7.04, 12.41, 5.35, 9.68, 9.82, 9.55, 5.5, 3.2, 4.65, 8.52, 4.23, 3.34, 6.64, 0, 10.41, 10.62, 12.37, 7.39, 5.46, 11.37, 10.71, 3.37, 6.71, 10.35, 8.45, 4.2, 3.98, 8.77, 1.21, 3.1, 3.5, 2.15, 12.39, 1.96, 4.2, 12.41, 4.93, 7.2, 10.1, 8.92, 7, 3.42, 6.82, 8.99, 8.82, 9.83, 6.34, 6.04, 7.35, 9.41, 2.84, 4.25, 8.38, 12.26, 7.43, 7.88, 6.05, 4.97, 8.38, 10.86, 10.23, 6.18, 8.05, 4.83, 10.41, 0, 6.27, 7.29, 4.13, 9.65, 10.22, 9.17, 7.77, 10.55, 7.83, 3.26, 7.71, 12.13, 12.46, 10.43, 10.66, 7.39, 11.38, 7.68, 10.56, 8.1, 10.99, 3.84, 8.4, 6.28, 2.67, 4.21, 3.9, 4.76, 3.58, 9.15, 3.56, 0.19, 5.85, 2.06, 3.28, 3.57, 4.43, 3.26, 9.41, 2.53, 3.01, 2.15, 6.38, 10.45, 8.29, 5.34, 7.52, 8.89, 4.46, 10.62, 6.27, 0, 2.49, 4.08, 6.65, 4.09, 3.11, 7.26, 9.2, 2.53, 4.95, 10.37, 10.1, 7.76, 10.29, 12.03, 7.2, 10.79, 2.69, 11.29, 10.79, 12.03, 5.59, 10.16, 7.6, 2.58, 5.89, 4.87, 6.49, 4.52, 10.9, 3.1, 2.4, 7.62, 1.01, 3.48, 4.46, 6.13, 1.79, 10.82, 3.01, 3.15, 2.82, 8.1, 12.2, 9.79, 6.34, 9.26, 10.66, 6.21, 12.37, 7.29, 2.49, 0, 5.77, 8.15, 4.17, 3.49, 9.01, 10.45, 2.59, 6.38, 12.1, 11.63, 8.67, 12.02, 11.41, 8.96, 12.48, 0.9, 10.79, 10.36, 10.88, 1.65, 4.62, 5.98, 6.2, 2.89, 3.17, 2.71, 5.4, 5.78, 7.17, 4.16, 3.4, 5.53, 6.35, 3.35, 0.77, 6.35, 8.21, 4.29, 4.7, 3.23, 3.32, 6.54, 6.82, 6.31, 3.62, 5.28, 1.62, 7.39, 4.13, 4.08, 5.77, 0, 5.53, 7.08, 6.04, 4.2, 8.63, 4.9, 2.6, 6.35, 8.26, 8.42, 7.23, 8.38, 3.94, 8, 5.97, 7.85, 6.77, 5.4, 4.76, 5.39, 1.78, 6.57, 2.82, 8.42, 2.83, 4.16, 4.72, 7.19, 6.68, 4.03, 7.67, 5.94, 8.45, 5.4, 7.8, 2.83, 5.15, 5.1, 5.68, 5.54, 7.22, 2.31, 3.08, 5.39, 5.17, 4.83, 5.46, 9.65, 6.65, 8.15, 5.53, 0, 6.1, 5.63, 3.29, 3.11, 5.69, 7.34, 7.8, 3.49, 3.71, 4.91, 7.53, 3.67, 4.88, 8.03, 6.4, 8.08, 8.43, 6.45, 10.19, 5.05, 2.25, 5.3, 7.94, 6.03, 2.96, 10.27, 1.98, 4.04, 7.75, 3.74, 1.64, 7.65, 7.3, 3.04, 8.15, 2.84, 3.4, 4.18, 8.89, 12.3, 7.54, 3.22, 9.62, 10.37, 7.03, 11.37, 10.22, 4.09, 4.17, 7.08, 6.1, 0, 2.12, 8.39, 7.36, 3.37, 8.53, 10.38, 9.36, 5.03, 10.88, 10.97, 8.55, 10.97, 3.77, 12.24, 10.69, 8.66, 5.43, 9.32, 4.73, 2.1, 4.43, 6.91, 5.17, 2.09, 9.52, 2.22, 3.07, 6.84, 3.01, 0.7, 6.63, 6.27, 2.56, 7.94, 2.52, 1.91, 3.12, 7.91, 11.44, 7.17, 3.09, 8.7, 9.56, 6.03, 10.71, 9.17, 3.11, 3.49, 6.04, 5.63, 2.12, 0, 7.62, 7.32, 1.91, 7.47, 11.64, 9.03, 5.26, 10.25, 10.36, 7.74, 10.43, 3.15, 11.55, 12.02, 8.24, 3.79, 2.97, 4.45, 8.3, 3.25, 7.36, 2.56, 6.3, 2.72, 9.14, 7.32, 2.55, 8.62, 7.96, 7.55, 3.88, 9.11, 4.96, 6.41, 6.6, 6.19, 2.9, 4.03, 3.62, 5.96, 3.17, 2.84, 3.4, 3.37, 7.77, 7.26, 9.01, 4.2, 3.29, 8.39, 7.62, 0, 5.9, 7.09, 5.57, 4.53, 4.45, 7, 3.09, 4.92, 0.89, 3.8, 9.05, 4.05, 4.83, 3.31, 7.85, 7.87, 2.94, 8.36, 5.85, 11.45, 5.93, 5.98, 6.69, 8.7, 9.21, 7.04, 9.95, 7.53, 11.44, 8.5, 9.81, 1.98, 7.49, 7.3, 8.36, 8.52, 9.32, 3.28, 4.23, 8.14, 7.41, 7.93, 6.71, 10.55, 9.2, 10.45, 8.63, 3.11, 7.36, 7.32, 5.9, 0, 7.86, 10.44, 10.1, 2.96, 2.7, 6.11, 8.9, 6.34, 5.5, 10.23, 7.68, 10.29, 9.46, 4.38, 8.6, 5.04, 1.86, 3.84, 5.56, 4.54, 2.75, 9.02, 3.22, 2.47, 6.05, 2.94, 2.23, 5.28, 5.17, 2.99, 8.28, 1.39, 1.18, 2.56, 6.94, 10.72, 7.31, 3.77, 7.87, 8.95, 5.01, 10.35, 7.83, 2.53, 2.59, 4.9, 5.69, 3.37, 1.91, 7.09, 7.86, 0, 6.2, 10.81, 9.18, 6.14, 9.94, 12, 7.15, 10.26, 3.36, 11.12, 11.21, 10.51, 2.67, 5.35, 7.83, 7.43, 4.74, 3.14, 4.52, 7.04, 6.83, 8.39, 5.03, 3.8, 6.29, 7.75, 2.61, 2.74, 7.24, 9.95, 5.69, 6.13, 4.4, 2.96, 6.9, 8.55, 8.1, 4.29, 6.15, 2.52, 8.45, 3.26, 4.95, 6.38, 2.6, 7.34, 8.53, 7.47, 5.57, 10.44, 6.2, 0, 6.45, 9.87, 10.25, 8.39, 9.03, 5.23, 9.29, 6.69, 8.73, 6.87, 12.33, 6.55, 3.46, 8.99, 12.11, 7.25, 8.67, 6.52, 10.49, 3.44, 10.79, 10.45, 4.8, 11.83, 11.98, 9.05, 5.98, 10.4, 8.9, 10.12, 10.42, 9.42, 4, 2.03, 7.78, 10.43, 2.94, 2.7, 5.92, 4.2, 7.71, 10.37, 12.1, 6.35, 7.8, 10.38, 11.64, 4.53, 10.1, 10.81, 6.45, 0, 7.83, 11.51, 4.61, 3.26, 4.21, 5.69, 12.27, 3.73, 0.85, 4.73, 7.62, 5.95, 4.32, 10, 6.03, 11.38, 5.75, 7.56, 4.42, 10.56, 10.13, 6.09, 11.16, 9.31, 11.48, 8.01, 11.28, 2.21, 8.64, 8.59, 9.09, 7.34, 6.93, 2.63, 6.15, 6.55, 5.28, 7.46, 3.98, 12.13, 10.1, 11.63, 8.26, 3.49, 9.36, 9.03, 4.45, 2.96, 9.18, 9.87, 7.83, 0, 5.46, 3.4, 6.11, 4.87, 2.6, 11.51, 4.89, 7.94, 3.41, 7.59, 9.1, 2.63, 6.29, 5.55, 10.74, 5.95, 4.2, 8.32, 6.43, 7.75, 7.53, 8.17, 5.39, 10.63, 8.41, 7.81, 3.93, 5.97, 5.65, 7.14, 9.04, 10.89, 4.13, 3.43, 9.06, 8.85, 7.89, 8.77, 12.46, 7.76, 8.67, 8.42, 3.71, 5.03, 5.26, 7, 2.7, 6.14, 10.25, 11.51, 5.46, 0, 8.17, 10.94, 7.37, 7.79, 8.37, 9.74, 11.78, 8.11, 6.87, 3.33, 6.15, 11.05, 6.15, 10.34, 5.54, 8.82, 2.29, 11.81, 10.35, 4.82, 11.61, 10.58, 10.57, 6.88, 12.02, 4.75, 9.28, 9.4, 9.22, 5.47, 3.64, 4.05, 7.98, 4.27, 3.5, 6.45, 1.21, 10.43, 10.29, 12.02, 7.23, 4.91, 10.88, 10.25, 3.09, 6.11, 9.94, 8.39, 4.61, 3.4, 8.17, 0, 2.8, 3.29, 2.2, 12.03, 2.23, 4.66, 10.84, 8.28, 3.76, 8.79, 10.93, 8.17, 11.2, 7.46, 11.17, 3, 11.63, 12.09, 6.19, 11.12, 10.64, 11.51, 8, 11.58, 7.53, 11.32, 11.51, 10.98, 6.15, 3.31, 6.83, 10.56, 4.8, 3.14, 7.72, 3.1, 10.66, 12.03, 11.41, 8.38, 7.53, 10.97, 10.36, 4.92, 8.9, 12, 9.03, 3.26, 6.11, 10.94, 2.8, 0, 4.87, 3.53, 11.48, 2.46, 3.05, 8.67, 3.61, 2.48, 4.8, 8.38, 3.33, 7.08, 2.6, 6.47, 2.75, 9.24, 7.26, 2.17, 8.59, 8.09, 7.29, 3.61, 9.13, 5.4, 6.45, 6.67, 6.14, 3.51, 3.78, 4.06, 6.23, 2.54, 2.57, 3.17, 3.5, 7.39, 7.2, 8.96, 3.94, 3.67, 8.55, 7.74, 0.89, 6.34, 7.15, 5.23, 4.21, 4.87, 7.37, 3.29, 4.87, 0, 4.08, 9.02, 4.09, 4.53, 7.33, 7.57, 4.38, 6.04, 11.3, 6.58, 11.15, 6.05, 8.97, 2.66, 12, 10.83, 5.6, 12.04, 10.75, 11.35, 7.68, 12.37, 4.1, 9.63, 9.7, 9.72, 6.42, 4.71, 3.7, 7.93, 5.28, 3.55, 7.21, 2.15, 11.38, 10.79, 12.48, 8, 4.88, 10.97, 10.43, 3.8, 5.5, 10.26, 9.29, 5.69, 2.6, 7.79, 2.2, 3.53, 4.08, 0, 12.45, 3.3, 5.72, 11.75, 5.74, 10.28, 7.42, 3.1, 5.88, 5.26, 6.51, 4.27, 10.96, 2.66, 2.58, 7.72, 0.89, 3.11, 4.85, 6.32, 1.64, 10.65, 2.88, 2.96, 2.91, 8.28, 12.34, 9.66, 6.08, 9.41, 10.75, 6.36, 12.39, 7.68, 2.69, 0.9, 5.97, 8.03, 3.77, 3.15, 9.05, 10.23, 3.36, 6.69, 12.27, 11.51, 8.37, 12.03, 11.48, 9.02, 12.45, 0, 10.83, 10.5, 9.62, 7.65, 3.39, 7.65, 12.29, 7.28, 10.83, 6.61, 10.16, 3.02, 10.84, 11.35, 5.53, 10.48, 11.89, 11.11, 7.48, 10.89, 6.31, 10.44, 10.61, 10.22, 5.79, 2.72, 5.62, 9.45, 4.45, 2.6, 7.14, 1.96, 10.56, 11.29, 10.79, 7.85, 6.4, 12.24, 11.55, 4.05, 7.68, 11.12, 8.73, 3.73, 4.89, 9.74, 2.23, 2.46, 4.09, 3.3, 10.83, 0, 3.65, 12.5, 6.97, 2.78, 9.28, 10.35, 7.62, 9.09, 6.89, 10.87, 3.61, 11.12, 10.87, 5.19, 12.25, 12.37, 9.47, 6.4, 10.74, 9.07, 10.52, 10.82, 9.83, 4.42, 2.04, 7.99, 10.76, 3.34, 2.93, 6.33, 4.2, 8.1, 10.79, 10.36, 6.77, 8.08, 10.69, 12.02, 4.83, 10.29, 11.21, 6.87, 0.85, 7.94, 11.78, 4.66, 3.05, 4.53, 5.72, 10.5, 3.65, 0, 0, 10.99, 11.09, 5.42, 10.58, 8.76, 12.53, 8.93, 8.2, 9.7, 10.72, 11.98, 10.22, 12.57, 9.59, 12.49, 11.75, 12.23, 3.74, 10.05, 9.75, 11.18, 11.85, 12.55, 5.05, 6.21, 11.43, 10.53, 11.13, 9.49, 13.85, 11.98, 13.12, 11.86, 5.89, 9.19, 9.44, 8.98, 3.51, 10.32, 11.73, 13.45, 5.16, 3.72, 8.85, 11.83, 9.46, 7.99, 12.82, 10.5, 13.63, 10.99, 0, 5, 5.63, 6.21, 3.11, 4.1, 2.92, 5.09, 6.03, 7.26, 4.26, 3.17, 5.77, 6.28, 4.22, 1.94, 6.57, 8.16, 4.06, 4.47, 3.13, 2.82, 7.21, 6.66, 6, 4.01, 5.61, 1.4, 7.75, 5.38, 4.19, 6.1, 1.8, 5.19, 7.03, 5.92, 4.13, 8.56, 4.78, 2.91, 7.15, 8.31, 8.28, 7.5, 9.03, 3.93, 8.26, 6.26, 8.34, 7.6, 11.09, 5, 0, 7.15, 10.77, 5.34, 8.15, 4.54, 8.86, 2.58, 11.76, 9.23, 2.8, 10.73, 10.55, 8.47, 4.62, 11.43, 7.4, 8.62, 8.91, 8.04, 3.62, 3.18, 6.05, 8.71, 2.32, 1.87, 4.36, 3.52, 7.86, 9.16, 11.08, 5.04, 5.88, 11.11, 10.17, 3.15, 8.59, 9.38, 5.84, 3.67, 6.49, 9.92, 3.63, 4.1, 2.64, 4.78, 11.21, 3.69, 3.03, 5.42, 5.63, 7.15, 0, 6.25, 3.37, 9.39, 3.69, 3.57, 6.51, 6.81, 6.86, 5.35, 7.75, 5.45, 9.34, 6.46, 7.72, 3.54, 5.02, 4.86, 5.91, 7, 9.2, 3.74, 2.84, 7.04, 6.97, 5.86, 7.31, 11.01, 6.85, 8.29, 6.53, 1.89, 5.51, 5.16, 4.86, 3.21, 5.5, 8.54, 9.8, 4.71, 2.87, 6.7, 9.59, 5.24, 6.59, 8.09, 8.34, 10.12, 10.58, 6.21, 10.77, 6.25, 0, 5.51, 7.16, 6.3, 3.68, 11.15, 2.12, 2.84, 8, 3.21, 2.02, 6.8, 7.07, 2.29, 9.77, 2.99, 2.57, 3.31, 9.01, 13.09, 8.88, 4.51, 10, 11.11, 6.9, 12.53, 9.73, 2.91, 2.81, 6.77, 7.16, 2.39, 2.29, 9.05, 9.12, 1.97, 8.11, 13.21, 10.91, 6.86, 12.05, 12.2, 9.14, 12.32, 3.29, 13.41, 11.55, 8.76, 3.11, 5.34, 3.37, 5.51, 0, 6.12, 1.61, 3.55, 5.65, 6.45, 4.64, 3.73, 5.96, 5.21, 6.14, 3.13, 6.42, 6.14, 3.45, 3.65, 3.43, 4.15, 7.65, 4.72, 3.92, 4.74, 5.61, 3.52, 7.13, 7.64, 4.59, 6.43, 3.16, 3.07, 5.78, 4.83, 3.55, 6.38, 4.19, 5.17, 7.91, 6.58, 6.05, 6.71, 8.91, 3.63, 7.18, 6.42, 7.94, 8.32, 12.53, 4.1, 8.15, 9.39, 7.16, 6.12, 0, 6.19, 7.57, 9.64, 8.12, 4.33, 6.06, 5.37, 7.77, 0.98, 3.79, 6.49, 12.22, 5.73, 6.21, 4.21, 5.52, 9.94, 10.74, 9.14, 6.99, 8.98, 4.34, 11.41, 3.64, 4.25, 5.31, 3.46, 9.19, 8.66, 7.54, 8.02, 12.49, 6.06, 3.34, 9.46, 12.41, 11.72, 11.28, 12.22, 7.72, 12.17, 5.73, 11.81, 9.92, 8.93, 2.92, 4.54, 3.69, 6.3, 1.61, 6.19, 0, 4.34, 4.9, 7.25, 5.25, 2.68, 6.63, 6.02, 6.27, 2.82, 7.15, 6.04, 4.21, 4.43, 4.02, 3.47, 6.85, 4.55, 4.55, 3.95, 4.82, 3.02, 6.42, 7.44, 5.19, 7.07, 2.95, 3.08, 6.58, 5.64, 2.79, 6.47, 4.96, 4.93, 7.11, 6.27, 6.49, 6.04, 8.14, 2.84, 6.59, 7.1, 7.21, 7.52, 8.2, 5.09, 8.86, 3.57, 3.68, 3.55, 7.57, 4.34, 0, 8.92, 3.31, 3.89, 6.25, 4.38, 2.67, 7.35, 6.06, 4.19, 7.1, 2.71, 2.18, 3.4, 7.59, 11.15, 6.22, 2.73, 8.28, 9.04, 5.67, 10.15, 9.81, 3.91, 4.93, 5.89, 4.53, 3.14, 2.22, 6.87, 6.52, 2.92, 7.68, 11.45, 8.24, 4.58, 9.62, 12.18, 7.05, 9.79, 4.66, 11.08, 11.85, 9.7, 6.03, 2.58, 6.51, 11.15, 5.65, 9.64, 4.9, 8.92, 0, 12.06, 10.04, 3.73, 11.48, 10.76, 9.91, 5.91, 12.04, 5.96, 9.1, 9.29, 8.81, 4.24, 2.87, 4.8, 8.35, 2.89, 1.97, 5.5, 2.45, 9.62, 9.98, 11.89, 6.31, 5.15, 11.2, 10.39, 2.9, 7.3, 9.84, 7.45, 3.75, 4.82, 9.08, 2.43, 3.27, 2.92, 2.9, 11.95, 3.21, 3.94, 10.72, 7.26, 11.76, 6.81, 2.12, 6.45, 8.12, 7.25, 3.31, 12.06, 0, 3.81, 9, 3.01, 1.88, 7.75, 8.12, 2.79, 10.27, 3.2, 2.86, 4.37, 10.05, 11.91, 9.5, 4.91, 11.02, 12.07, 7.94, 13.39, 10.72, 3.88, 3.38, 7.82, 7.84, 2.1, 2.36, 9.97, 9.49, 3.42, 9.15, 12.04, 11.52, 7.01, 12.89, 12.97, 10.08, 13.09, 2.9, 12.09, 12.4, 11.98, 4.26, 9.23, 6.86, 2.84, 4.64, 4.33, 5.25, 3.89, 10.04, 3.81, 0, 6.46, 2.08, 3.52, 3.97, 4.91, 3.35, 10.29, 2.67, 3.17, 2.47, 7.04, 11.47, 9.07, 5.81, 8.27, 9.77, 4.95, 11.65, 6.91, 0.19, 2.55, 4.53, 7.29, 4.4, 3.34, 7.98, 10.05, 2.63, 5.48, 11.39, 11.05, 8.45, 11.29, 13.19, 7.92, 11.82, 2.74, 12.38, 11.85, 10.22, 3.17, 2.8, 5.35, 8, 3.73, 6.06, 2.68, 6.25, 3.73, 9, 6.46, 0, 7.94, 7.84, 6.28, 3.11, 8.63, 6.91, 5.84, 6.15, 5.26, 2.28, 5.1, 5.37, 6.47, 2.8, 3.32, 2.45, 5.46, 6.59, 6.38, 8.31, 3.61, 4.39, 8.45, 7.46, 2.71, 7.67, 6.6, 4.14, 5.23, 6.65, 8.21, 5.26, 6.75, 2.3, 6.11, 8.42, 6.04, 5.66, 12.57, 5.77, 10.73, 7.75, 3.21, 5.96, 5.37, 6.63, 4.38, 11.48, 3.01, 2.08, 7.94, 0, 3.29, 4.94, 6.42, 2.25, 11.26, 2.75, 2.89, 3.7, 8.55, 12.98, 10.15, 6.37, 9.78, 11.24, 6.46, 13.06, 8.02, 2.19, 1.1, 6.04, 8.37, 4.08, 3.28, 9.4, 10.85, 3.13, 6.86, 12.91, 12.17, 8.91, 12.67, 12.4, 9.37, 13.13, 0.97, 11.69, 13.36, 9.59, 6.28, 10.55, 5.45, 2.02, 5.21, 7.77, 6.02, 2.67, 10.76, 1.88, 3.52, 7.84, 3.29, 0, 7.45, 7.19, 3.68, 8.94, 3.11, 2.49, 3.68, 8.99, 12.86, 8.14, 3.61, 9.87, 10.81, 6.93, 12.05, 10.26, 3.58, 3.79, 6.93, 6.47, 1.78, 0.76, 8.68, 8.21, 2.37, 8.45, 13.07, 10.15, 5.88, 11.54, 11.87, 8.82, 11.73, 3.39, 12.97, 13.49, 12.49, 4.22, 8.47, 9.34, 6.8, 6.14, 0.98, 6.27, 7.35, 9.91, 7.75, 3.97, 6.28, 4.94, 7.45, 0, 4.02, 6.07, 12.27, 5.47, 5.95, 3.96, 5.85, 10.32, 10.81, 8.99, 7.32, 9.28, 4.53, 11.68, 3.1, 3.9, 4.86, 3.65, 9.21, 8.34, 7.23, 8.24, 12.48, 5.76, 2.84, 9.87, 12.52, 11.59, 11.53, 12.56, 7.95, 12.38, 5.29, 12.11, 10.33, 11.75, 1.94, 4.62, 6.46, 7.07, 3.13, 3.79, 2.82, 6.06, 5.91, 8.12, 4.91, 3.11, 6.42, 7.19, 4.02, 0, 7.29, 8.75, 4.95, 5.38, 3.87, 2.97, 6.71, 7.23, 6.94, 3.53, 5.35, 1.25, 7.68, 4.64, 4.83, 6.68, 0.83, 5.89, 7.96, 6.84, 4.23, 9.28, 5.64, 2.91, 6.52, 8.74, 9.17, 7.51, 8.72, 3.93, 8.37, 6.89, 8.16, 6.98, 12.23, 6.57, 11.43, 7.72, 2.29, 6.42, 6.49, 7.15, 4.19, 12.04, 2.79, 3.35, 8.63, 2.25, 3.68, 6.07, 7.29, 0, 11.26, 2.99, 2.94, 3.44, 9.38, 11.6, 10.27, 6.11, 10.54, 11.88, 7.26, 13.54, 9.14, 3.47, 1.9, 6.93, 8.5, 3.32, 2.79, 9.94, 10.7, 3.18, 7.9, 11.6, 12.3, 8.52, 13.11, 12.92, 9.95, 13.49, 1.79, 12.14, 11.98, 3.74, 8.16, 7.4, 3.54, 9.77, 6.14, 12.22, 6.04, 7.1, 5.96, 10.27, 10.29, 6.91, 11.26, 8.94, 12.27, 8.75, 11.26, 0, 8.52, 8.39, 9.24, 8.45, 8.81, 2.12, 5.37, 7.84, 6.81, 8.13, 5.84, 13.37, 10.27, 11.8, 8.96, 3.08, 8.89, 8.66, 5.41, 2.1, 9.03, 10.86, 9.71, 2.35, 4.28, 5.18, 8.22, 5.89, 4.47, 11.62, 6.88, 9.89, 10.05, 4.06, 8.62, 5.02, 2.99, 3.45, 5.73, 4.21, 2.71, 9.1, 3.2, 2.67, 5.84, 2.75, 3.11, 5.47, 4.95, 2.99, 8.52, 0, 0.98, 2.1, 6.84, 10.93, 7.4, 3.87, 7.84, 9, 4.74, 10.56, 8.11, 2.69, 3.29, 4.68, 5.62, 3.1, 2.67, 6.99, 8.17, 1.52, 6.2, 11.04, 9.42, 6.51, 10.12, 12.34, 7.04, 10.5, 3.14, 11.39, 11.48, 9.75, 4.47, 8.91, 4.86, 2.57, 3.65, 6.21, 4.43, 2.18, 9.29, 2.86, 3.17, 6.15, 2.89, 2.49, 5.95, 5.38, 2.94, 8.39, 0.98, 0, 2.77, 7.22, 11.23, 7.34, 3.55, 8.16, 9.25, 5.14, 10.71, 8.6, 3.2, 3.44, 5.12, 5.57, 3.61, 2.03, 7.19, 7.96, 1.28, 6.68, 11.37, 9.37, 6.17, 10.25, 12.56, 7.27, 10.58, 3.23, 11.57, 11.8, 11.18, 3.13, 8.04, 5.91, 3.31, 3.43, 4.21, 4.02, 3.4, 8.81, 4.37, 2.47, 5.26, 3.7, 3.68, 3.96, 3.87, 3.44, 9.24, 2.1, 2.77, 0, 5.94, 10.31, 7.96, 5.15, 7.12, 8.56, 3.82, 10.42, 6.6, 2.35, 3.08, 3.52, 6.2, 4.56, 3.41, 6.75, 9.12, 2.72, 4.8, 10.27, 9.92, 7.79, 10.06, 11.97, 6.7, 10.6, 3.17, 11.15, 10.72, 11.85, 2.82, 3.62, 7, 9.01, 4.15, 5.52, 3.47, 7.59, 4.24, 10.05, 7.04, 2.28, 8.55, 8.99, 5.85, 2.97, 9.38, 8.45, 6.84, 7.22, 5.94, 0, 4.58, 6.93, 8.02, 2.03, 3.48, 2.92, 6, 5.42, 6.95, 8.83, 3.53, 6.05, 9.69, 8.62, 3.16, 9.29, 7.57, 3.22, 4.36, 8.01, 9.86, 5.97, 6.71, 3.73, 7, 9.03, 6.31, 4.82, 12.55, 7.21, 3.18, 9.2, 13.09, 7.65, 9.94, 6.85, 11.15, 2.87, 11.91, 11.47, 5.1, 12.98, 12.86, 10.32, 6.71, 11.6, 8.81, 10.93, 11.23, 10.31, 4.58, 0, 7.67, 10.9, 3.2, 3.07, 6.54, 3.49, 9.14, 11.4, 13.31, 7.13, 7.87, 13.42, 12.48, 4.4, 10.16, 11.69, 7.53, 2.21, 7.56, 11.87, 3.97, 3.52, 4.12, 5.13, 13.46, 2.96, 2.22, 5.05, 6.66, 6.05, 3.74, 8.88, 4.72, 10.74, 4.55, 6.22, 4.8, 9.5, 9.07, 5.37, 10.15, 8.14, 10.81, 7.23, 10.27, 2.12, 7.4, 7.34, 7.96, 6.93, 7.67, 0, 4.76, 6.39, 5.55, 6.6, 5.07, 11.84, 9.04, 10.68, 7.44, 2.46, 8.23, 7.82, 3.94, 3.49, 7.98, 9.33, 8.49, 2.8, 4.5, 4.41, 7.45, 4.43, 4.04, 10.54, 6.13, 8.72, 6.21, 6, 8.71, 2.84, 4.51, 3.92, 9.14, 4.55, 2.73, 8.35, 4.91, 5.81, 6.47, 6.37, 3.61, 8.99, 6.94, 6.11, 5.37, 3.87, 3.55, 5.15, 8.02, 10.9, 4.76, 0, 8.38, 8.68, 6.43, 9.3, 11.16, 5.82, 6.92, 6.88, 3.35, 3.52, 3.37, 6.5, 4.61, 4.11, 8.83, 11.38, 6.71, 3.65, 8.71, 11.51, 6.8, 8.65, 6.63, 10.31, 11.74, 11.43, 4.01, 2.32, 7.04, 10, 4.74, 6.99, 3.95, 