Instance
HEVTSP 1 20 2 TW 2

Customers
20

Service Time (same as Distance for all Modes: combustion, combustion+charging, electric, combustion+electric) (Depot, 1, ..., N, Depot)
0, 1, 3, 4, 4, 7, 7, 2, 6, 1, 5, 2, 8, 5, 4, 7, 3, 8, 3, 5, 5, 0

Initial Charging
0

Max Charging (in Watt/h)
16800

Charging Rate (in Watt/h)
12000

Discharging Rate (in Watt/h)
48000

Coordinates (Used for GUI, not necessarily related to Distances, Time, Costs)
0, 0, 4200, 1320, 3680, 510, 2110, 2820, 1320, 4990, 2390, 4220, 1760, 3280, 3840, 1090, 4500, 3250, 230, 20, 3200, 2890, 4260, 1410, 4300, 170, 4970, 4880, 810, 520, 1740, 4010, 1960, 330, 3630, 610, 3000, 3960, 2100, 3460, 3500, 30

Distances (Depot-Depot, Depot-1, Depot-..., Depot-N, 1-Depot, 1-1, ..., M-N)
0, 4403, 3715, 3522, 5162, 4850, 3722, 3992, 5551, 231, 4312, 4487, 4303, 6965, 963, 4371, 1988, 3681, 4968, 4047, 3500, 4403, 0, 963, 2573, 4665, 3418, 3130, 427, 1953, 4177, 1861, 108, 1154, 3642, 3483, 3645, 2449, 910, 2900, 2998, 1468, 3715, 963, 0, 2793, 5064, 3928, 3370, 602, 2860, 3485, 2428, 1071, 707, 4556, 2870, 4002, 1729, 112, 3516, 3346, 513, 3522, 2573, 2793, 0, 2309, 1428, 578, 2447, 2428, 3373, 1092, 2571, 3438, 3525, 2642, 1246, 2495, 2682, 1446, 640, 3117, 5162, 4665, 5064, 2309, 0, 1318, 1766, 4643, 3625, 5088, 2819, 4632, 5667, 3652, 4499, 1066, 4704, 4952, 1971, 1717, 5418, 4850, 3418, 3928, 1428, 1318, 0, 1132, 3450, 2322, 4723, 1557, 3375, 4478, 2663, 4023, 683, 3914, 3817, 663, 813, 4335, 3722, 3130, 3370, 578, 1766, 1132, 0, 3020, 2740, 3601, 1492, 3122, 4015, 3587, 2919, 730, 2957, 3260, 1414, 385, 3686, 3992, 427, 602, 2447, 4643, 3450, 3020, 0, 2259, 3765, 1910, 528, 1029, 3955, 3083, 3597, 2028, 524, 2990, 2940, 1113, 5551, 1953, 2860, 2428, 3625, 2322, 2740, 2259, 0, 5354, 1349, 1856, 3086, 1696, 4590, 2863, 3870, 2780, 1660, 2409, 3372, 231, 4177, 3485, 3373, 5088, 4723, 3601, 3765, 5354, 0, 4130, 4263, 4073, 6789, 766, 4266, 1758, 3451, 4816, 3915, 3270, 4312, 1861, 2428, 1092, 2819, 1557, 1492, 1910, 1349, 4130, 0, 1820, 2934, 2663, 3366, 1840, 2845, 2320, 1089, 1239, 2876, 4487, 108, 1071, 2571, 4632, 3375, 3122, 528, 1856, 4263, 1820, 0, 1241, 3542, 3563, 3621, 2541, 1018, 2844, 2978, 1575, 4303, 1154, 707, 3438, 5667, 4478, 4015, 1029, 3086, 4073, 2934, 1241, 0, 4757, 3508, 4615, 2345, 802, 4007, 3958, 812, 6965, 3642, 4556, 3525, 3652, 2663, 3587, 3955, 1696, 6789, 2663, 3542, 4757, 0, 6026, 3345, 5456, 4475, 2174, 3202, 5068, 963, 3483, 2870, 2642, 4499, 4023, 2919, 3083, 4590, 766, 3366, 3563, 3508, 6026, 0, 3612, 1166, 2821, 4078, 3211, 2734, 4371, 3645, 4002, 1246, 1066, 683, 730, 3597, 2863, 4266, 1840, 3621, 4615, 3345, 3612, 0, 3687, 3890, 1261, 657, 4352, 1988, 2449, 1729, 2495, 4704, 3914, 2957, 2028, 3870, 1758, 2845, 2541, 2345, 5456, 1166, 3687, 0, 1693, 3776, 3133, 1569, 3681, 910, 112, 2682, 4952, 3817, 3260, 524, 2780, 3451, 2320, 1018, 802, 4475, 2821, 3890, 1693, 0, 3409, 3235, 594, 4968, 2900, 3516, 1446, 1971, 663, 1414, 2990, 1660, 4816, 1089, 2844, 4007, 2174, 4078, 1261, 3776, 3409, 0, 1030, 3962, 4047, 2998, 3346, 640, 1717, 813, 385, 2940, 2409, 3915, 1239, 2978, 3958, 3202, 3211, 657, 3133, 3235, 1030, 0, 3705, 3500, 1468, 513, 3117, 5418, 4335, 3686, 1113, 3372, 3270, 2876, 1575, 812, 5068, 2734, 4352, 1569, 594, 3962, 3705, 0

Time (same as Distance for all Modes: combustion, combustion+charging, electric, combustion+electric)
0, 11.01, 9.29, 8.81, 10.68, 12.13, 9.31, 9.98, 11.48, 1.16, 10.78, 11.22, 10.76, 14.41, 3.4, 10.93, 4.97, 9.2, 12.42, 10.12, 8.75, 11.01, 0, 3.4, 6.43, 11.66, 8.55, 7.83, 2.14, 4.88, 10.44, 4.65, 0.54, 2.89, 9.11, 8.71, 9.11, 6.12, 3.21, 7.25, 7.5, 3.67, 9.29, 3.4, 0, 6.98, 10.48, 9.82, 8.43, 2.12, 7.15, 8.71, 6.07, 2.68, 2.5, 11.39, 7.18, 10.01, 4.32, 0.56, 8.79, 8.37, 1.81, 8.81, 6.43, 6.98, 0, 5.77, 3.57, 2.04, 6.12, 6.07, 8.43, 2.73, 6.43, 8.6, 8.81, 6.61, 3.12, 6.24, 6.71, 3.62, 2.26, 7.79, 10.68, 11.66, 10.48, 5.77, 0, 3.3, 4.42, 11.61, 9.06, 10.53, 7.05, 11.58, 11.72, 9.13, 11.25, 2.67, 11.76, 12.38, 4.93, 4.29, 11.21, 12.13, 8.55, 9.82, 3.57, 3.3, 0, 2.83, 8.63, 5.81, 11.81, 3.89, 8.44, 11.2, 6.66, 10.06, 2.41, 9.79, 9.54, 2.34, 2.87, 10.84, 9.31, 7.83, 8.43, 2.04, 4.42, 2.83, 0, 7.55, 6.85, 9, 3.73, 7.81, 10.04, 8.97, 7.3, 2.58, 7.39, 8.15, 3.54, 1.93, 9.22, 9.98, 2.14, 2.12, 6.12, 11.61, 8.63, 7.55, 0, 5.65, 9.41, 4.78, 1.86, 2.57, 9.89, 7.71, 8.99, 5.07, 1.85, 7.48, 7.35, 2.78, 11.48, 4.88, 7.15, 6.07, 9.06, 5.81, 6.85, 5.65, 0, 11.08, 3.37, 4.64, 7.72, 4.24, 11.48, 7.16, 9.68, 6.95, 4.15, 6.02, 8.43, 1.16, 10.44, 8.71, 8.43, 10.53, 11.81, 9, 9.41, 11.08, 0, 10.33, 10.66, 10.18, 14.05, 2.7, 10.67, 4.4, 8.63, 12.04, 9.79, 8.18, 10.78, 4.65, 6.07, 2.73, 7.05, 3.89, 3.73, 4.78, 3.37, 10.33, 0, 4.55, 7.34, 6.66, 8.42, 4.6, 7.11, 5.8, 2.72, 3.1, 7.19, 11.22, 0.54, 2.68, 6.43, 11.58, 8.44, 7.81, 1.86, 4.64, 10.66, 4.55, 0, 3.1, 8.86, 8.91, 9.05, 6.35, 2.55, 7.11, 7.45, 3.94, 10.76, 2.89, 2.5, 8.6, 11.72, 11.2, 10.04, 2.57, 7.72, 10.18, 7.34, 3.1, 0, 11.89, 8.77, 11.54, 5.86, 2.83, 10.02, 9.9, 2.87, 14.41, 9.11, 11.39, 8.81, 9.13, 6.66, 8.97, 9.89, 4.24, 14.05, 6.66, 8.86, 11.89, 0, 12.47, 8.36, 11.29, 11.19, 5.44, 8.01, 10.49, 3.4, 8.71, 7.18, 6.61, 11.25, 10.06, 7.3, 7.71, 11.48, 2.7, 8.42, 8.91, 8.77, 12.47, 0, 9.03, 2.92, 7.05, 10.2, 8.03, 6.84, 10.93, 9.11, 10.01, 3.12, 2.67, 2.41, 2.58, 8.99, 7.16, 10.67, 4.6, 9.05, 11.54, 8.36, 9.03, 0, 9.22, 9.73, 3.15, 2.32, 10.88, 4.97, 6.12, 4.32, 6.24, 11.76, 9.79, 7.39, 5.07, 9.68, 4.4, 7.11, 6.35, 5.86, 11.29, 2.92, 9.22, 0, 4.23, 9.44, 7.83, 3.92, 9.2, 3.21, 0.56, 6.71, 12.38, 9.54, 8.15, 1.85, 6.95, 8.63, 5.8, 2.55, 2.83, 11.19, 7.05, 9.73, 4.23, 0, 8.52, 8.09, 2.1, 12.42, 7.25, 8.79, 3.62, 4.93, 2.34, 3.54, 7.48, 4.15, 12.04, 2.72, 7.11, 10.02, 5.44, 10.2, 3.15, 9.44, 8.52, 0, 2.58, 9.91, 10.12, 7.5, 8.37, 2.26, 4.29, 2.87, 1.93, 7.35, 6.02, 9.79, 3.1, 7.45, 9.9, 8.01, 8.03, 2.32, 7.83, 8.09, 2.58, 0, 9.26, 8.75, 3.67, 1.81, 7.79, 11.21, 10.84, 9.22, 2.78, 8.43, 8.18, 7.19, 3.94, 2.87, 10.49, 6.84, 10.88, 3.92, 2.1, 9.91, 9.26, 0, 0, 12.01, 10.13, 9.61, 11.91, 13.23, 10.15, 10.89, 12.81, 1.26, 11.76, 12.24, 11.74, 16.07, 3.61, 11.92, 5.42, 10.04, 13.55, 11.04, 9.55, 12.01, 0, 3.61, 7.02, 12.72, 9.32, 8.54, 2.33, 5.33, 11.39, 5.08, 0.59, 3.15, 9.93, 9.5, 9.94, 6.68, 3.41, 7.91, 8.18, 4, 10.13, 3.61, 0, 7.62, 11.69, 10.71, 9.19, 2.26, 7.8, 9.5, 6.62, 2.92, 2.65, 12.43, 7.83, 10.91, 4.72, 0.61, 9.59, 9.13, 1.92, 9.61, 7.02, 7.62, 0, 6.3, 3.89, 2.17, 6.67, 6.62, 9.2, 2.98, 7.01, 9.38, 9.61, 7.21, 3.4, 6.8, 7.31, 3.94, 2.4, 8.5, 11.91, 12.72, 11.69, 6.3, 0, 3.59, 4.82, 12.66, 9.89, 11.74, 7.69, 12.63, 13.08, 9.96, 12.27, 2.91, 12.83, 13.51, 5.38, 4.68, 12.5, 13.23, 9.32, 10.71, 3.89, 3.59, 0, 3.09, 9.41, 6.33, 12.88, 4.25, 9.2, 12.21, 7.26, 10.97, 2.56, 10.67, 10.41, 2.49, 3.05, 11.82, 10.15, 8.54, 9.19, 2.17, 4.82, 3.09, 0, 8.24, 7.47, 9.82, 4.07, 8.51, 10.95, 9.78, 7.96, 2.74, 8.06, 8.89, 3.86, 2.1, 10.05, 10.89, 2.33, 2.26, 6.67, 12.66, 9.41, 8.24, 0, 6.16, 10.27, 5.21, 1.98, 2.81, 10.79, 8.41, 9.81, 5.53, 1.97, 8.15, 8.02, 3.04, 12.81, 5.33, 7.8, 6.62, 9.89, 6.33, 7.47, 6.16, 0, 12.36, 3.68, 5.06, 8.42, 4.63, 12.52, 7.81, 10.55, 7.58, 4.53, 6.57, 9.2, 1.26, 11.39, 9.5, 9.2, 11.74, 12.88, 9.82, 10.27, 12.36, 0, 11.26, 11.63, 11.11, 15.67, 2.87, 11.63, 4.79, 9.41, 13.13, 10.68, 8.92, 11.76, 5.08, 6.62, 2.98, 7.69, 4.25, 4.07, 5.21, 3.68, 11.26, 0, 4.96, 8, 7.26, 9.18, 5.02, 7.76, 6.33, 2.97, 3.38, 7.84, 12.24, 0.59, 2.92, 7.01, 12.63, 9.2, 8.51, 1.98, 5.06, 11.63, 4.96, 0, 3.38, 9.66, 9.72, 9.88, 6.93, 2.78, 7.76, 8.12, 4.3, 11.74, 3.15, 2.65, 9.38, 13.08, 12.21, 10.95, 2.81, 8.42, 11.11, 8, 3.38, 0, 12.97, 9.57, 12.59, 6.4, 3.01, 10.93, 10.79, 3.05, 16.07, 9.93, 12.43, 9.61, 9.96, 7.26, 9.78, 10.79, 4.63, 15.67, 7.26, 9.66, 12.97, 0, 13.91, 9.12, 12.59, 12.2, 5.93, 8.73, 11.7, 3.61, 9.5, 7.83, 7.21, 12.27, 10.97, 7.96, 8.41, 12.52, 2.87, 9.18, 9.72, 9.57, 13.91, 0, 9.85, 3.18, 7.69, 11.12, 8.76, 7.46, 11.92, 9.94, 10.91, 3.4, 2.91, 2.56, 2.74, 9.81, 7.81, 11.63, 5.02, 9.88, 12.59, 9.12, 9.85, 0, 10.06, 10.61, 3.44, 2.46, 11.87, 5.42, 6.68, 4.72, 6.8, 12.83, 10.67, 8.06, 5.53, 10.55, 4.79, 7.76, 6.93, 6.4, 12.59, 3.18, 10.06, 0, 4.62, 10.3, 8.54, 4.28, 10.04, 3.41, 0.61, 7.31, 13.51, 10.41, 8.89, 1.97, 7.58, 9.41, 6.33, 2.78, 3.01, 12.2, 7.69, 10.61, 4.62, 0, 9.3, 8.82, 2.23, 13.55, 7.91, 9.59, 3.94, 5.38, 2.49, 3.86, 8.15, 4.53, 13.13, 2.97, 7.76, 10.93, 5.93, 11.12, 3.44, 10.3, 9.3, 0, 2.81, 10.81, 11.04, 8.18, 9.13, 2.4, 4.68, 3.05, 2.1, 8.02, 6.57, 10.68, 3.38, 8.12, 10.79, 8.73, 8.76, 2.46, 8.54, 8.82, 2.81, 0, 10.1, 9.55, 4, 1.92, 8.5, 12.5, 11.82, 10.05, 3.04, 9.2, 8.92, 7.84, 4.3, 3.05, 11.7, 7.46, 11.87, 4.28, 2.23, 10.81, 10.1, 0, 0, 13.21, 11.15, 10.57, 13.47, 14.55, 11.17, 11.98, 14.48, 1.39, 12.94, 13.46, 12.91, 18.17, 3.85, 13.11, 5.96, 11.04, 14.9, 12.14, 10.5, 13.21, 0, 3.85, 7.72, 14, 10.25, 9.39, 2.56, 5.86, 12.53, 5.58, 0.65, 3.46, 10.93, 10.45, 10.94, 7.35, 3.64, 8.7, 8.99, 4.4, 11.15, 3.85, 0, 8.38, 13.21, 11.78, 10.11, 2.41, 8.58, 10.46, 7.28, 3.21, 2.83, 13.67, 8.61, 12.01, 5.19, 0.67, 10.55, 10.04, 2.05, 10.57, 7.72, 8.38, 0, 6.93, 4.28, 2.31, 7.34, 7.28, 10.12, 3.28, 7.71, 10.31, 10.58, 7.93, 3.74, 7.49, 8.05, 4.34, 2.56, 9.35, 13.47, 14, 13.21, 6.93, 0, 3.95, 5.3, 13.93, 10.88, 13.27, 8.46, 13.9, 14.78, 10.96, 13.5, 3.2, 14.11, 14.86, 5.91, 5.15, 14.13, 14.55, 10.25, 11.78, 4.28, 3.95, 0, 3.4, 10.35, 6.97, 14.17, 4.67, 10.13, 13.43, 7.99, 12.07, 2.73, 11.74, 11.45, 2.65, 3.25, 13.01, 11.17, 9.39, 10.11, 2.31, 5.3, 3.4, 0, 9.06, 8.22, 10.8, 4.48, 9.37, 12.05, 10.76, 8.76, 2.92, 8.87, 9.78, 4.24, 2.31, 11.06, 11.98, 2.56, 2.41, 7.34, 13.93, 10.35, 9.06, 0, 6.78, 11.3, 5.73, 2.11, 3.09, 11.87, 9.25, 10.79, 6.08, 2.1, 8.97, 8.82, 3.34, 14.48, 5.86, 8.58, 7.28, 10.88, 6.97, 8.22, 6.78, 0, 13.97, 4.05, 5.57, 9.26, 5.09, 13.77, 8.59, 11.61, 8.34, 4.98, 7.23, 10.12, 1.39, 12.53, 10.46, 10.12, 13.27, 14.17, 10.8, 11.3, 13.97, 0, 12.39, 12.79, 12.22, 17.71, 3.06, 12.8, 5.27, 10.35, 14.45, 11.75, 9.81, 12.94, 5.58, 7.28, 3.28, 8.46, 4.67, 4.48, 5.73, 4.05, 12.39, 0, 5.46, 8.8, 7.99, 10.1, 5.52, 8.54, 6.96, 3.27, 3.72, 8.63, 13.46, 0.65, 3.21, 7.71, 13.9, 10.13, 9.37, 2.11, 5.57, 12.79, 5.46, 0, 3.72, 10.63, 10.69, 10.86, 7.62, 3.05, 8.53, 8.93, 4.73, 12.91, 3.46, 2.83, 10.31, 14.78, 13.43, 12.05, 3.09, 9.26, 12.22, 8.8, 3.72, 0, 14.27, 10.52, 13.85, 7.04, 3.21, 12.02, 11.87, 3.25, 18.17, 10.93, 13.67, 10.58, 10.96, 7.99, 10.76, 11.87, 5.09, 17.71, 7.99, 10.63, 14.27, 0, 15.72, 10.04, 14.23, 13.43, 6.52, 9.61, 13.22, 3.85, 10.45, 8.61, 7.93, 13.5, 12.07, 8.76, 9.25, 13.77, 3.06, 10.1, 10.69, 10.52, 15.72, 0, 10.84, 3.5, 8.46, 12.23, 9.63, 8.2, 13.11, 10.94, 12.01, 3.74, 3.2, 2.73, 2.92, 10.79, 8.59, 12.8, 5.52, 10.86, 13.85, 10.04, 10.84, 0, 11.06, 11.67, 3.78, 2.63, 13.06, 5.96, 7.35, 5.19, 7.49, 14.11, 11.74, 8.87, 6.08, 11.61, 5.27, 8.54, 7.62, 7.04, 14.23, 3.5, 11.06, 0, 5.08, 11.33, 9.4, 4.71, 11.04, 3.64, 0.67, 8.05, 14.86, 11.45, 9.78, 2.1, 8.34, 10.35, 6.96, 3.05, 3.21, 13.43, 8.46, 11.67, 5.08, 0, 10.23, 9.71, 2.38, 14.9, 8.7, 10.55, 4.34, 5.91, 2.65, 4.24, 8.97, 4.98, 14.45, 3.27, 8.53, 12.02, 6.52, 12.23, 3.78, 11.33, 10.23, 0, 3.09, 11.89, 12.14, 8.99, 10.04, 2.56, 5.15, 3.25, 2.31, 8.82, 7.23, 11.75, 3.72, 8.93, 11.87, 9.61, 9.63, 2.63, 9.4, 9.71, 3.09, 0, 11.12, 10.5, 4.4, 2.05, 9.35, 14.13, 13.01, 11.06, 3.34, 10.12, 9.81, 8.63, 4.73, 3.25, 13.22, 8.2, 13.06, 4.71, 2.38, 11.89, 11.12, 0, 0, 10.16, 8.57, 8.13, 9.11, 11.19, 8.59, 9.21, 9.8, 1.07, 9.95, 10.35, 9.93, 12.29, 3.21, 10.09, 4.59, 8.49, 11.46, 9.34, 8.08, 10.16, 0, 3.21, 5.94, 10.77, 7.89, 7.22, 1.97, 4.51, 9.64, 4.29, 0.5, 2.66, 8.4, 8.04, 8.41, 5.65, 3.03, 6.69, 6.92, 3.39, 8.57, 3.21, 0, 6.45, 8.94, 9.06, 7.78, 2.01, 6.6, 8.04, 5.6, 2.47, 2.36, 10.51, 6.62, 9.24, 3.99, 0.52, 8.11, 7.72, 1.71, 8.13, 5.94, 6.45, 0, 5.33, 3.3, 1.93, 5.65, 5.6, 7.78, 2.52, 5.93, 7.93, 8.13, 6.1, 2.88, 5.76, 6.19, 3.34, 2.13, 7.19, 9.11, 10.77, 8.94, 5.33, 0, 3.04, 4.08, 10.71, 8.37, 8.98, 6.51, 10.69, 10, 8.43, 10.38, 2.46, 10.86, 11.43, 4.55, 3.96, 9.56, 11.19, 7.89, 9.06, 3.3, 3.04, 0, 2.61, 7.96, 5.36, 10.9, 3.59, 7.79, 10.33, 6.15, 9.28, 2.28, 9.03, 8.81, 2.21, 2.71, 10, 8.59, 7.22, 7.78, 1.93, 4.08, 2.61, 0, 6.97, 6.32, 8.31, 3.44, 7.2, 9.27, 8.28, 6.74, 2.43, 6.82, 7.52, 3.26, 1.78, 8.51, 9.21, 1.97, 2.01, 5.65, 10.71, 7.96, 6.97, 0, 5.21, 8.69, 4.41, 1.76, 2.37, 9.13, 7.11, 8.3, 4.68, 1.75, 6.9, 6.78, 2.57, 9.8, 4.51, 6.6, 5.6, 8.37, 5.36, 6.32, 5.21, 0, 9.45, 3.11, 4.28, 7.12, 3.91, 10.59, 6.61, 8.93, 6.42, 3.83, 5.56, 7.78, 1.07, 9.64, 8.04, 7.78, 8.98, 10.9, 8.31, 8.69, 9.45, 0, 9.53, 9.84, 9.4, 11.98, 2.55, 9.84, 4.06, 7.96, 11.11, 9.03, 7.55, 9.95, 4.29, 5.6, 2.52, 6.51, 3.59, 3.44, 4.41, 3.11, 9.53, 0, 4.2, 6.77, 6.15, 7.77, 4.25, 6.57, 5.35, 2.51, 2.86, 6.64, 10.35, 0.5, 2.47, 5.93, 10.69, 7.79, 7.2, 1.76, 4.28, 9.84, 4.2, 0, 2.86, 8.17, 8.22, 8.36, 5.86, 2.35, 6.56, 6.87, 3.63, 9.93, 2.66, 2.36, 7.93, 10, 10.33, 9.27, 2.37, 7.12, 9.4, 6.77, 2.86, 0, 10.98, 8.1, 10.65, 5.41, 2.67, 9.25, 9.13, 2.71, 12.29, 8.4, 10.51, 8.13, 8.43, 6.15, 8.28, 9.13, 3.91, 11.98, 6.15, 8.17, 10.98, 0, 10.63, 7.72, 9.63, 10.33, 5.02, 7.39, 8.94, 3.21, 8.04, 6.62, 6.1, 10.38, 9.28, 6.74, 7.11, 10.59, 2.55, 7.77, 8.22, 8.1, 10.63, 0, 8.34, 2.69, 6.51, 9.41, 7.41, 6.31, 10.09, 8.41, 9.24, 2.88, 2.46, 2.28, 2.43, 8.3, 6.61, 9.84, 4.25, 8.36, 10.65, 7.72, 8.34, 0, 8.51, 8.98, 2.91, 2.19, 10.04, 4.59, 5.65, 3.99, 5.76, 10.86, 9.03, 6.82, 4.68, 8.93, 4.06, 6.57, 5.86, 5.41, 9.63, 2.69, 8.51, 0, 3.91, 8.71, 7.23, 3.62, 8.49, 3.03, 0.52, 6.19, 11.43, 8.81, 7.52, 1.75, 6.42, 7.96, 5.35, 2.35, 2.67, 10.33, 6.51, 8.98, 3.91, 0, 7.87, 7.47, 1.98, 11.46, 6.69, 8.11, 3.34, 4.55, 2.21, 3.26, 6.9, 3.83, 11.11, 2.51, 6.56, 9.25, 5.02, 9.41, 2.91, 8.71, 7.87, 0, 2.38, 9.14, 9.34, 6.92, 7.72, 2.13, 3.96, 2.71, 1.78, 6.78, 5.56, 9.03, 2.86, 6.87, 9.13, 7.39, 7.41, 2.19, 7.23, 7.47, 2.38, 0, 8.55, 8.08, 3.39, 1.71, 7.19, 9.56, 10, 8.51, 2.57, 7.78, 7.55, 6.64, 3.63, 2.71, 8.94, 6.31, 10.04, 3.62, 1.98, 9.14, 8.55, 0

Costs (same as Distance for all Modes: combustion, combustion+charging, electric, combustion+electric)
0, 440.25, 371.52, 352.2, 516.16, 484.98, 372.24, 399.17, 555.09, 23.09, 431.19, 448.73, 430.34, 696.53, 96.25, 437.12, 198.76, 368.09, 496.81, 404.74, 350.01, 440.25, 0, 96.25, 257.26, 466.51, 341.85, 312.97, 42.72, 195.32, 417.74, 186.14, 10.82, 115.43, 364.23, 348.31, 364.52, 244.9, 91.05, 289.99, 299.83, 146.77, 371.52, 96.25, 0, 279.3, 506.36, 392.79, 337.04, 60.17, 286.01, 348.46, 242.79, 107.07, 70.71, 455.64, 287, 400.17, 172.94, 11.18, 351.64, 334.65, 51.26, 352.2, 257.26, 279.3, 0, 230.93, 142.77, 57.8, 244.66, 242.84, 337.26, 109.22, 257.11, 343.78, 352.47, 264.2, 124.62, 249.45, 268.23, 144.63, 64.01, 311.71, 516.16, 466.51, 506.36, 230.93, 0, 131.83, 176.57, 464.33, 362.49, 508.81, 281.86, 463.25, 566.68, 365.17, 449.9, 106.62, 470.37, 495.18, 197.06, 171.74, 541.79, 484.98, 341.85, 392.79, 142.77, 131.83, 0, 113.16, 344.96, 232.23, 472.29, 155.72, 337.54, 447.78, 266.31, 402.32, 68.31, 391.37, 381.7, 66.31, 81.34, 433.45, 372.24, 312.97, 337.04, 57.8, 176.57, 113.16, 0, 302.03, 274.02, 360.12, 149.19, 312.2, 401.54, 358.67, 291.89, 73.03, 295.68, 325.97, 141.42, 38.47, 368.65, 399.17, 42.72, 60.17, 244.66, 464.33, 344.96, 302.03, 0, 225.86, 376.52, 191.04, 52.8, 102.86, 395.49, 308.31, 359.67, 202.78, 52.39, 299.04, 294.02, 111.32, 555.09, 195.32, 286.01, 242.84, 362.49, 232.23, 274.02, 225.86, 0, 535.4, 134.89, 185.56, 308.65, 169.64, 459.01, 286.27, 387.01, 277.97, 165.95, 240.92, 337.17, 23.09, 417.74, 348.46, 337.26, 508.81, 472.29, 360.12, 376.52, 535.4, 0, 413.01, 426.3, 407.28, 678.88, 76.58, 426.62, 175.76, 345.08, 481.63, 391.54, 327, 431.19, 186.14, 242.79, 109.22, 281.86, 155.72, 149.19, 191.04, 134.89, 413.01, 0, 182.04, 293.4, 266.33, 336.59, 184.01, 284.45, 232.02, 108.85, 123.89, 287.57, 448.73, 10.82, 107.07, 257.11, 463.25, 337.54, 312.2, 52.8, 185.56, 426.3, 182.04, 0, 124.06, 354.19, 356.29, 362.08, 254.09, 101.83, 284.43, 297.79, 157.54, 430.34, 115.43, 70.71, 343.78, 566.68, 447.78, 401.54, 102.86, 308.65, 407.28, 293.4, 124.06, 0, 475.74, 350.75, 461.51, 234.55, 80.16, 400.68, 395.78, 81.22, 696.53, 364.23, 455.64, 352.47, 365.17, 266.31, 358.67, 395.49, 169.64, 678.88, 266.33, 354.19, 475.74, 0, 602.62, 334.51, 545.55, 447.53, 217.42, 320.21, 506.79, 96.25, 348.31, 287, 264.2, 449.9, 402.32, 291.89, 308.31, 459.01, 76.58, 336.59, 356.29, 350.75, 602.62, 0, 361.18, 116.56, 282.14, 407.8, 321.06, 273.43, 437.12, 364.52, 400.17, 124.62, 106.62, 68.31, 73.03, 359.67, 286.27, 426.62, 184.01, 362.08, 461.51, 334.51, 361.18, 0, 368.66, 389, 126.1, 65.73, 435.18, 198.76, 244.9, 172.94, 249.45, 470.37, 391.37, 295.68, 202.78, 387.01, 175.76, 284.45, 254.09, 234.55, 545.55, 116.56, 368.66, 0, 169.33, 377.6, 313.31, 156.89, 368.09, 91.05, 11.18, 268.23, 495.18, 381.7, 325.97, 52.39, 277.97, 345.08, 232.02, 101.83, 80.16, 447.53, 282.14, 389, 169.33, 0, 340.87, 323.47, 59.44, 496.81, 289.99, 351.64, 144.63, 197.06, 66.31, 141.42, 299.04, 165.95, 481.63, 108.85, 284.43, 400.68, 217.42, 407.8, 126.1, 377.6, 340.87, 0, 102.96, 396.17, 404.74, 299.83, 334.65, 64.01, 171.74, 81.34, 38.47, 294.02, 240.92, 391.54, 123.89, 297.79, 395.78, 320.21, 321.06, 65.73, 313.31, 323.47, 102.96, 0, 370.47, 350.01, 146.77, 51.26, 311.71, 541.79, 433.45, 368.65, 111.32, 337.17, 327, 287.57, 157.54, 81.22, 506.79, 273.43, 435.18, 156.89, 59.44, 396.17, 370.47, 0, 0, 484.33, 408.65, 387.42, 567.82, 533.5, 409.42, 439.12, 610.61, 25.41, 474.32, 493.57, 473.33, 766.15, 105.93, 480.81, 218.68, 404.91, 546.48, 445.17, 385, 484.33, 0, 105.93, 283.03, 513.15, 375.98, 344.3, 46.97, 214.83, 459.47, 204.71, 11.88, 126.94, 400.62, 383.13, 400.95, 269.39, 100.1, 319, 329.78, 161.48, 408.65, 105.93, 0, 307.23, 557.04, 432.08, 370.7, 66.22, 314.6, 383.35, 267.08, 117.81, 77.77, 501.16, 315.7, 440.22, 190.19, 12.32, 386.76, 368.06, 56.43, 387.42, 283.03, 307.23, 0, 253.99, 157.08, 63.58, 269.17, 267.08, 371.03, 120.12, 282.81, 378.18, 387.75, 290.62, 137.06, 274.45, 295.02, 159.06, 70.4, 342.87, 567.82, 513.15, 557.04, 253.99, 0, 144.98, 194.26, 510.73, 398.75, 559.68, 310.09, 509.52, 623.37, 401.72, 494.89, 117.26, 517.44, 544.72, 216.81, 188.87, 595.98, 533.5, 375.98, 432.08, 157.08, 144.98, 0, 124.52, 379.5, 255.42, 519.53, 171.27, 371.25, 492.58, 292.93, 442.53, 75.13, 430.54, 419.87, 72.93, 89.43, 476.85, 409.42, 344.3, 370.7, 63.58, 194.26, 124.52, 0, 332.2, 301.4, 396.11, 164.12, 343.42, 441.65, 394.57, 321.09, 80.3, 325.27, 358.6, 155.54, 42.35, 405.46, 439.12, 46.97, 66.22, 269.17, 510.73, 379.5, 332.2, 0, 248.49, 414.15, 210.1, 58.08, 113.19, 435.05, 339.13, 395.67, 223.08, 57.64, 328.9, 323.4, 122.43, 610.61, 214.83, 314.6, 267.08, 398.75, 255.42, 301.4, 248.49, 0, 588.94, 148.39, 204.16, 339.46, 186.56, 504.9, 314.93, 425.7, 305.8, 182.6, 264.99, 370.92, 25.41, 459.47, 383.35, 371.03, 559.68, 519.53, 396.11, 414.15, 588.94, 0, 454.3, 468.93, 448.03, 746.79, 84.26, 469.26, 193.38, 379.61, 529.76, 430.65, 359.7, 474.32, 204.71, 267.08, 120.12, 310.09, 171.27, 164.12, 210.1, 148.39, 454.3, 0, 200.2, 322.74, 292.93, 370.26, 202.4, 312.95, 255.2, 119.79, 136.29, 316.36, 493.57, 11.88, 117.81, 282.81, 509.52, 371.25, 343.42, 58.08, 204.16, 468.93, 200.2, 0, 136.51, 389.62, 391.93, 398.31, 279.51, 111.98, 312.84, 327.58, 173.25, 473.33, 126.94, 77.77, 378.18, 623.37, 492.58, 441.65, 113.19, 339.46, 448.03, 322.74, 136.51, 0, 523.27, 385.88, 507.65, 257.95, 88.22, 440.77, 435.38, 89.32, 766.15, 400.62, 501.16, 387.75, 401.72, 292.93, 394.57, 435.05, 186.56, 746.79, 292.93, 389.62, 523.27, 0, 662.86, 367.95, 600.16, 492.25, 239.14, 352.22, 557.48, 105.93, 383.13, 315.7, 290.62, 494.89, 442.53, 321.09, 339.13, 504.9, 84.26, 370.26, 391.93, 385.88, 662.86, 0, 397.32, 128.26, 310.31, 448.58, 353.21, 300.74, 480.81, 400.95, 440.22, 137.06, 117.26, 75.13, 80.3, 395.67, 314.93, 469.26, 202.4, 398.31, 507.65, 367.95, 397.32, 0, 405.57, 427.9, 138.71, 72.27, 478.72, 218.68, 269.39, 190.19, 274.45, 517.44, 430.54, 325.27, 223.08, 425.7, 193.38, 312.95, 279.51, 257.95, 600.16, 128.26, 405.57, 0, 186.23, 415.36, 344.63, 172.59, 404.91, 100.1, 12.32, 295.02, 544.72, 419.87, 358.6, 57.64, 305.8, 379.61, 255.2, 111.98, 88.22, 492.25, 310.31, 427.9, 186.23, 0, 374.99, 355.85, 65.34, 546.48, 319, 386.76, 159.06, 216.81, 72.93, 155.54, 328.9, 182.6, 529.76, 119.79, 312.84, 440.77, 239.14, 448.58, 138.71, 415.36, 374.99, 0, 113.3, 435.82, 445.17, 329.78, 368.06, 70.4, 188.87, 89.43, 42.35, 323.4, 264.99, 430.65, 136.29, 327.58, 435.38, 352.22, 353.21, 72.27, 344.63, 355.85, 113.3, 0, 407.55, 385, 161.48, 56.43, 342.87, 595.98, 476.85, 405.46, 122.43, 370.92, 359.7, 316.36, 173.25, 89.32, 557.48, 300.74, 478.72, 172.59, 65.34, 435.82, 407.55, 0, 0, 88.06, 74.3, 70.44, 103.24, 97, 74.44, 79.84, 111.02, 4.62, 86.24, 89.74, 86.06, 139.3, 19.26, 87.42, 39.76, 73.62, 99.36, 80.94, 70, 88.06, 0, 19.26, 51.46, 93.3, 68.36, 62.6, 8.54, 39.06, 83.54, 37.22, 2.16, 23.08, 72.84, 69.66, 72.9, 48.98, 18.2, 58, 59.96, 29.36, 74.3, 19.26, 0, 55.86, 101.28, 78.56, 67.4, 12.04, 57.2, 69.7, 48.56, 21.42, 14.14, 91.12, 57.4, 80.04, 34.58, 2.24, 70.32, 66.92, 10.26, 70.44, 51.46, 55.86, 0, 46.18, 28.56, 11.56, 48.94, 48.56, 67.46, 21.84, 51.42, 68.76, 70.5, 52.84, 24.92, 49.9, 53.64, 28.92, 12.8, 62.34, 103.24, 93.3, 101.28, 46.18, 0, 26.36, 35.32, 92.86, 72.5, 101.76, 56.38, 92.64, 113.34, 73.04, 89.98, 21.32, 94.08, 99.04, 39.42, 34.34, 108.36, 97, 68.36, 78.56, 28.56, 26.36, 0, 22.64, 69, 46.44, 94.46, 31.14, 67.5, 89.56, 53.26, 80.46, 13.66, 78.28, 76.34, 13.26, 16.26, 86.7, 74.44, 62.6, 67.4, 11.56, 35.32, 22.64, 0, 60.4, 54.8, 72.02, 29.84, 62.44, 80.3, 71.74, 58.38, 14.6, 59.14, 65.2, 28.28, 7.7, 73.72, 79.84, 8.54, 12.04, 48.94, 92.86, 69, 60.4, 0, 45.18, 75.3, 38.2, 10.56, 20.58, 79.1, 61.66, 71.94, 40.56, 10.48, 59.8, 58.8, 22.26, 111.02, 39.06, 57.2, 48.56, 72.5, 46.44, 54.8, 45.18, 0, 107.08, 26.98, 37.12, 61.72, 33.92, 91.8, 57.26, 77.4, 55.6, 33.2, 48.18, 67.44, 4.62, 83.54, 69.7, 67.46, 101.76, 94.46, 72.02, 75.3, 107.08, 0, 82.6, 85.26, 81.46, 135.78, 15.32, 85.32, 35.16, 69.02, 96.32, 78.3, 65.4, 86.24, 37.22, 48.56, 21.84, 56.38, 31.14, 29.84, 38.2, 26.98, 82.6, 0, 36.4, 58.68, 53.26, 67.32, 36.8, 56.9, 46.4, 21.78, 24.78, 57.52, 89.74, 2.16, 21.42, 51.42, 92.64, 67.5, 62.44, 10.56, 37.12, 85.26, 36.4, 0, 24.82, 70.84, 71.26, 72.42, 50.82, 20.36, 56.88, 59.56, 31.5, 86.06, 23.08, 14.14, 68.76, 113.34, 89.56, 80.3, 20.58, 61.72, 81.46, 58.68, 24.82, 0, 95.14, 70.16, 92.3, 46.9, 16.04, 80.14, 79.16, 16.24, 139.3, 72.84, 91.12, 70.5, 73.04, 53.26, 71.74, 79.1, 33.92, 135.78, 53.26, 70.84, 95.14, 0, 120.52, 66.9, 109.12, 89.5, 43.48, 64.04, 101.36, 19.26, 69.66, 57.4, 52.84, 89.98, 80.46, 58.38, 61.66, 91.8, 15.32, 67.32, 71.26, 70.16, 120.52, 0, 72.24, 23.32, 56.42, 81.56, 64.22, 54.68, 87.42, 72.9, 80.04, 24.92, 21.32, 13.66, 14.6, 71.94, 57.26, 85.32, 36.8, 72.42, 92.3, 66.9, 72.24, 0, 73.74, 77.8, 25.22, 13.14, 87.04, 39.76, 48.98, 34.58, 49.9, 94.08, 78.28, 59.14, 40.56, 77.4, 35.16, 56.9, 50.82, 46.9, 109.12, 23.32, 73.74, 0, 33.86, 75.52, 62.66, 31.38, 73.62, 18.2, 2.24, 53.64, 99.04, 76.34, 65.2, 10.48, 55.6, 69.02, 46.4, 20.36, 16.04, 89.5, 56.42, 77.8, 33.86, 0, 68.18, 64.7, 11.88, 99.36, 58, 70.32, 28.92, 39.42, 13.26, 28.28, 59.8, 33.2, 96.32, 21.78, 56.88, 80.14, 43.48, 81.56, 25.22, 75.52, 68.18, 0, 20.6, 79.24, 80.94, 59.96, 66.92, 12.8, 34.34, 16.26, 7.7, 58.8, 48.18, 78.3, 24.78, 59.56, 79.16, 64.04, 64.22, 13.14, 62.66, 64.7, 20.6, 0, 74.1, 70, 29.36, 10.26, 62.34, 108.36, 86.7, 73.72, 22.26, 67.44, 65.4, 57.52, 31.5, 16.24, 101.36, 54.68, 87.04, 31.38, 11.88, 79.24, 74.1, 0, 0, 528.36, 445.8, 422.64, 619.44, 582, 446.64, 479.04, 666.12, 27.72, 517.44, 538.44, 516.36, 835.8, 115.56, 524.52, 238.56, 441.72, 596.16, 485.64, 420, 528.36, 0, 115.56, 308.76, 559.8, 410.16, 375.6, 51.24, 234.36, 501.24, 223.32, 12.96, 138.48, 437.04, 417.96, 437.4, 293.88, 109.2, 348, 359.76, 176.16, 445.8, 115.56, 0, 335.16, 607.68, 471.36, 404.4, 72.24, 343.2, 418.2, 291.36, 128.52, 84.84, 546.72, 344.4, 480.24, 207.48, 13.44, 421.92, 401.52, 61.56, 422.64, 308.76, 335.16, 0, 277.08, 171.36, 69.36, 293.64, 291.36, 404.76, 131.04, 308.52, 412.56, 423, 317.04, 149.52, 299.4, 321.84, 173.52, 76.8, 374.04, 619.44, 559.8, 607.68, 277.08, 0, 158.16, 211.92, 557.16, 435, 610.56, 338.28, 555.84, 680.04, 438.24, 539.88, 127.92, 564.48, 594.24, 236.52, 206.04, 650.16, 582, 410.16, 471.36, 171.36, 158.16, 0, 135.84, 414, 278.64, 566.76, 186.84, 405, 537.36, 319.56, 482.76, 81.96, 469.68, 458.04, 79.56, 97.56, 520.2, 446.64, 375.6, 404.4, 69.36, 211.92, 135.84, 0, 362.4, 328.8, 432.12, 179.04, 374.64, 481.8, 430.44, 350.28, 87.6, 354.84, 391.2, 169.68, 46.2, 442.32, 479.04, 51.24, 72.24, 293.64, 557.16, 414, 362.4, 0, 271.08, 451.8, 229.2, 63.36, 123.48, 474.6, 369.96, 431.64, 243.36, 62.88, 358.8, 352.8, 133.56, 666.12, 234.36, 343.2, 291.36, 435, 278.64, 328.8, 271.08, 0, 642.48, 161.88, 222.72, 370.32, 203.52, 550.8, 343.56, 464.4, 333.6, 199.2, 289.08, 404.64, 27.72, 501.24, 418.2, 404.76, 610.56, 566.76, 432.12, 451.8, 642.48, 0, 495.6, 511.56, 488.76, 814.68, 91.92, 511.92, 210.96, 414.12, 577.92, 469.8, 392.4, 517.44, 223.32, 291.36, 131.04, 338.28, 186.84, 179.04, 229.2, 161.88, 495.6, 0, 218.4, 352.08, 319.56, 403.92, 220.8, 341.4, 278.4, 130.68, 148.68, 345.12, 538.44, 12.96, 128.52, 308.52, 555.84, 405, 374.64, 63.36, 222.72, 511.56, 218.4, 0, 148.92, 425.04, 427.56, 434.52, 304.92, 122.16, 341.28, 357.36, 189, 516.36, 138.48, 84.84, 412.56, 680.04, 537.36, 481.8, 123.48, 370.32, 488.76, 352.08, 148.92, 0, 570.84, 420.96, 553.8, 281.4, 96.24, 480.84, 474.96, 97.44, 835.8, 437.04, 546.72, 423, 438.24, 319.56, 430.44, 474.6, 203.52, 814.68, 319.56, 425.04, 570.84, 0, 723.12, 401.4, 654.72, 537, 260.88, 384.24, 608.16, 115.56, 417.96, 344.4, 317.04, 539.88, 482.76, 350.28, 369.96, 550.8, 91.92, 403.92, 427.56, 420.96, 723.12, 0, 433.44, 139.92, 338.52, 489.36, 385.32, 328.08, 524.52, 437.4, 480.24, 149.52, 127.92, 81.96, 87.6, 431.64, 343.56, 511.92, 220.8, 434.52, 553.8, 401.4, 433.44, 0, 442.44, 466.8, 151.32, 78.84, 522.24, 238.56, 293.88, 207.48, 299.4, 564.48, 469.68, 354.84, 243.36, 464.4, 210.96, 341.4, 304.92, 281.4, 654.72, 139.92, 442.44, 0, 203.16, 453.12, 375.96, 188.28, 441.72, 109.2, 13.44, 321.84, 594.24, 458.04, 391.2, 62.88, 333.6, 414.12, 278.4, 122.16, 96.24, 537, 338.52, 466.8, 203.16, 0, 409.08, 388.2, 71.28, 596.16, 348, 421.92, 173.52, 236.52, 79.56, 169.68, 358.8, 199.2, 577.92, 130.68, 341.28, 480.84, 260.88, 489.36, 151.32, 453.12, 409.08, 0, 123.6, 475.44, 485.64, 359.76, 401.52, 76.8, 206.04, 97.56, 46.2, 352.8, 289.08, 469.8, 148.68, 357.36, 474.96, 384.24, 385.32, 78.84, 375.96, 388.2, 123.6, 0, 444.6, 420, 176.16, 61.56, 374.04, 650.16, 520.2, 442.32, 133.56, 404.64, 392.4, 345.12, 189, 97.44, 608.16, 328.08, 522.24, 188.28, 71.28, 475.44, 444.6, 0

Time Windows (Depot, 1, ..., N)
0, 480, 116, 146, 114, 144, 15, 45, 41, 71, 67, 97, 24, 54, 103, 133, 75, 105, 0, 480, 81, 111, 108, 138, 130, 160, 61, 91, 3, 33, 39, 69, 0, 480, 125, 155, 53, 83, 22, 52, 172, 202