Instance
HEVTSP 3 50 3 TW 5

Customers
50

Service Time (same as Distance for all Modes: combustion, combustion+charging, electric, combustion+electric) (Depot, 1, ..., N, Depot)
0, 3, 2, 1, 3, 1, 1, 2, 5, 4, 6, 4, 3, 2, 2, 5, 3, 5, 2, 5, 4, 4, 6, 4, 4, 5, 6, 6, 4, 1, 3, 2, 6, 4, 1, 3, 6, 3, 4, 4, 1, 5, 2, 1, 4, 3, 5, 4, 1, 1, 5, 0

Initial Charging
0

Max Charging (in Watt/h)
16800

Charging Rate (in Watt/h)
12000

Discharging Rate (in Watt/h)
48000

Coordinates (Used for GUI, not necessarily related to Distances, Time, Costs)
0, 0, 42820, 43040, 41400, 41600, 44220, 43770, 43680, 42540, 41480, 44910, 42480, 44580, 43230, 44080, 41590, 43600, 41690, 41500, 44380, 40590, 40800, 42740, 41900, 44410, 43420, 42170, 43800, 43650, 43550, 44070, 43100, 43770, 40440, 44390, 42760, 41640, 42070, 42390, 41610, 44880, 41760, 41260, 43190, 40490, 44010, 43630, 41300, 43780, 44010, 44360, 43420, 40590, 41540, 41330, 44150, 44630, 41650, 40790, 44470, 44220, 40550, 42700, 43800, 44820, 41510, 42330, 44360, 42740, 42860, 42490, 44810, 44210, 40510, 44530, 41090, 42800, 41640, 40700, 44400, 40600, 40120, 41110, 44420, 42090, 43480, 43790, 40520, 42500, 40070, 42110, 43330, 42270, 42300, 40710, 43870, 40180, 44840, 43670, 40560, 40700

Distances (Depot-Depot, Depot-1, Depot-..., Depot-N, 1-Depot, 1-1, ..., M-N)
0, 60712, 58690, 62219, 60972, 61135, 61579, 61740, 60255, 58824, 60143, 59088, 61056, 60528, 61837, 61958, 61428, 60049, 59685, 59723, 61201, 58705, 59201, 61971, 60186, 62488, 59438, 58598, 62778, 58297, 62714, 58886, 62668, 59287, 61600, 60352, 62948, 60200, 59332, 58227, 60164, 57443, 61194, 61710, 58721, 58128, 60533, 58708, 59490, 62591, 57460, 60712, 0, 2022, 1579, 995, 2301, 1577, 1118, 1351, 1910, 2904, 2042, 1650, 1057, 1154, 1262, 782, 2736, 1401, 992, 2202, 2072, 2577, 1328, 1691, 1777, 2522, 2136, 2073, 2536, 2029, 2295, 2032, 1490, 1569, 551, 2308, 2749, 1747, 2621, 2907, 3319, 1861, 999, 2363, 2903, 924, 2387, 3047, 2116, 3253, 58690, 2022, 0, 3558, 2466, 3311, 3170, 3082, 2009, 307, 3147, 1288, 2854, 2099, 3156, 3275, 2757, 2951, 1361, 1036, 3287, 495, 2106, 3307, 2182, 3799, 2258, 304, 4092, 848, 4036, 1390, 4016, 738, 3172, 1710, 4294, 3062, 1239, 931, 3162, 1371, 3059, 3020, 1259, 1424, 2043, 1266, 2849, 4015, 1231, 62219, 1579, 3558, 0, 1343, 2968, 1919, 1037, 2635, 3399, 3184, 3572, 2407, 1789, 437, 734, 1120, 3831, 2582, 2555, 2836, 3514, 3438, 252, 2920, 626, 3279, 3624, 863, 3935, 515, 3823, 1131, 3069, 1039, 1868, 736, 3787, 3277, 4010, 3175, 4887, 1692, 740, 3912, 4470, 1744, 3612, 3607, 628, 4777, 60972, 995, 2466, 1343, 0, 3234, 2367, 1604, 2343, 2245, 2072, 2887, 2582, 452, 1116, 1536, 1360, 3731, 1287, 1617, 3124, 2308, 2108, 1139, 2684, 1850, 1967, 2458, 2142, 2680, 1856, 3134, 2283, 2180, 709, 822, 2016, 3743, 2603, 2747, 2069, 3836, 866, 1266, 3160, 3636, 442, 2292, 2368, 1619, 3622, 61135, 2301, 3311, 2968, 3234, 0, 1053, 1937, 1315, 3416, 5203, 2274, 653, 3357, 2640, 2234, 1981, 1163, 3512, 2588, 133, 3661, 4739, 2835, 1144, 2589, 4736, 3581, 2685, 4124, 3069, 2398, 2322, 2580, 3606, 2786, 3403, 1042, 2146, 4213, 5206, 4036, 4074, 2292, 2594, 3135, 3224, 4279, 5300, 3582, 4309, 61579, 1577, 3170, 1919, 2367, 1053, 0, 901, 1324, 3180, 4419, 2492, 604, 2587, 1615, 1185, 1020, 2049, 2953, 2228, 920, 3397, 4151, 1801, 1426, 1546, 4099, 3383, 1671, 3880, 2022, 2694, 1342, 2450, 2631, 2124, 2359, 1971, 2258, 3970, 4419, 4196, 3157, 1274, 2858, 3451, 2461, 3874, 4614, 2529, 4329, 61740, 1118, 3082, 1037, 1604, 1937, 901, 0, 1709, 3005, 3675, 2775, 1370, 1919, 714, 320, 336, 2807, 2485, 2050, 1807, 3180, 3590, 900, 1953, 829, 3495, 3228, 1072, 3650, 1248, 3014, 934, 2454, 1753, 1632, 1585, 2757, 2494, 3735, 3671, 4300, 2319, 383, 3137, 3724, 1813, 3496, 3952, 1661, 4307, 60255, 1351, 2009, 2635, 2343, 1315, 1324, 1709, 0, 2102, 4104, 1168, 867, 2322, 2211, 2016, 1520, 1395, 2283, 1302, 1280, 2346, 3497, 2420, 341, 2537, 3523, 2271, 2759, 2811, 2946, 1375, 2524, 1273, 2900, 1687, 3277, 1425, 943, 2900, 4110, 2892, 3208, 1900, 1535, 2128, 2190, 2976, 4110, 3251, 3077, 58824, 1910, 307, 3399, 2245, 3416, 3180, 3005, 2102, 0, 2840, 1526, 2918, 1855, 3012, 3172, 2672, 3149, 1079, 968, 3381, 250, 1808, 3149, 2313, 3683, 1955, 227, 3981, 711, 3889, 1655, 3934, 849, 2944, 1533, 4133, 3252, 1432, 802, 2856, 1618, 2793, 2907, 1539, 1731, 1812, 998, 2548, 3825, 1385, 60143, 2904, 3147, 3184, 2072, 5203, 4419, 3675, 4104, 2840, 0, 4176, 4554, 1849, 3114, 3578, 3428, 5474, 1931, 2928, 5107, 2704, 1194, 3062, 4434, 3788, 960, 2935, 4047, 2737, 3631, 4373, 4270, 3356, 2150, 2433, 3645, 5523, 3963, 2742, 22, 4292, 1501, 3324, 4307, 4570, 1981, 2083, 654, 3114, 3822, 59088, 2042, 1288, 3572, 2887, 2274, 2492, 2775, 1168, 1526, 4176, 0, 2000, 2681, 3135, 3055, 2520, 1689, 2248, 1317, 2288, 1764, 3282, 3331, 1154, 3596, 3389, 1592, 3846, 2127, 3957, 253, 3651, 820, 3560, 2075, 4271, 1813, 296, 2206, 4188, 1766, 3678, 2878, 369, 964, 2573, 2524, 3997, 4146, 2054, 61056, 1650, 2854, 2407, 2582, 653, 604, 1370, 867, 2918, 4554, 2000, 0, 2707, 2046, 1685, 1360, 1460, 2900, 2027, 552, 3153, 4127, 2250, 870, 2111, 4111, 3101, 2261, 3629, 2577, 2179, 1944, 2116, 2973, 2147, 2917, 1395, 1802, 3719, 4557, 3749, 3425, 1697, 2356, 2939, 2574, 3722, 4666, 3032, 3945, 60528, 1057, 2099, 1789, 452, 3357, 2587, 1919, 2322, 1855, 1849, 2681, 2707, 0, 1528, 1904, 1632, 3716, 846, 1368, 3259, 1893, 1696, 1575, 2662, 2268, 1580, 2059, 2566, 2244, 2303, 2919, 2677, 1917, 1099, 645, 2469, 3747, 2414, 2309, 1851, 3466, 1003, 1621, 2919, 3351, 135, 1840, 2040, 2066, 3216, 61837, 1154, 3156, 437, 1116, 2640, 1615, 714, 2211, 3012, 3114, 3135, 2046, 1528, 0, 489, 710, 3441, 2263, 2140, 2512, 3142, 3218, 211, 2503, 740, 3084, 3239, 1041, 3578, 880, 3386, 1170, 2643, 1069, 1493, 1155, 3406, 2840, 3656, 3108, 4471, 1679, 349, 3476, 4035, 1458, 3301, 3471, 1040, 4382, 61958, 1262, 3275, 734, 1536, 2234, 1185, 320, 2016, 3172, 3578, 3055, 1685, 1904, 489, 0, 541, 3126, 2555, 2239, 2102, 3332, 3598, 637, 2269, 544, 3482, 3398, 821, 3791, 932, 3298, 791, 2681, 1557, 1724, 1268, 3075, 2768, 3874, 3573, 4531, 2163, 289, 3413, 3994, 1813, 3585, 3903, 1351, 4505, 61428, 782, 2757, 1120, 1360, 1981, 1020, 336, 1520, 2672, 3428, 2520, 1360, 1632, 710, 541, 0, 2731, 2157, 1722, 1858, 2845, 3281, 921, 1800, 1085, 3196, 2896, 1357, 3314, 1442, 2765, 1262, 2145, 1627, 1302, 1766, 2699, 2232, 3399, 3426, 3994, 2137, 381, 2876, 3455, 1518, 3163, 3672, 1743, 3985, 60049, 2736, 2951, 3831, 3731, 1163, 2049, 2807, 1395, 3149, 5474, 1689, 1460, 3716, 3441, 3126, 2731, 0, 3598, 2580, 1268, 3397, 4772, 3650, 1054, 3570, 4829, 3252, 3718, 3798, 4034, 1694, 3387, 2321, 4253, 3077, 4374, 157, 1718, 3880, 5481, 3296, 4597, 3099, 1892, 2310, 3584, 4123, 5430, 4459, 3692, 59685, 1401, 1361, 2582, 1287, 3512, 2953, 2485, 2283, 1079, 1931, 2248, 2900, 846, 2263, 2555, 2157, 3598, 0, 1019, 3438, 1070, 1228, 2350, 2591, 2993, 1240, 1259, 3297, 1398, 3095, 2451, 3346, 1428, 1942, 856, 3287, 3663, 2033, 1462, 1942, 2693, 1720, 2267, 2399, 2731, 850, 1038, 1834, 2906, 2392, 59723, 992, 1036, 2555, 1617, 2588, 2228, 2050, 1302, 968, 2928, 1317, 2027, 1368, 2140, 2239, 1722, 2580, 1019, 0, 2532, 1172, 2206, 2302, 1589, 2765, 2250, 1185, 3057, 1654, 3018, 1551, 2983, 563, 2317, 796, 3289, 2648, 1062, 1744, 2938, 2333, 2369, 1987, 1554, 2020, 1266, 1696, 2850, 3051, 2266, 61201, 2202, 3287, 2836, 3124, 133, 920, 1807, 1280, 3381, 5107, 2288, 552, 3259, 2512, 2102, 1858, 1268, 3438, 2532, 0, 3623, 4666, 2706, 1143, 2456, 4656, 3551, 2552, 4090, 2935, 2424, 2191, 2552, 3485, 2697, 3269, 1154, 2144, 4180, 5109, 4054, 3960, 2164, 2618, 3169, 3126, 4227, 5215, 3449, 4310, 58705, 2072, 495, 3514, 2308, 3661, 3397, 3180, 2346, 250, 2704, 1764, 3153, 1893, 3142, 3332, 2845, 3397, 1070, 1172, 3623, 0, 1624, 3268, 2562, 3830, 1790, 231, 4131, 483, 4013, 1881, 4103, 1099, 2992, 1650, 4243, 3501, 1679, 573, 2721, 1647, 2786, 3059, 1754, 1892, 1867, 771, 2370, 3911, 1324, 59201, 2577, 2106, 3438, 2108, 4739, 4151, 3590, 3497, 1808, 1194, 3282, 4127, 1696, 3218, 3598, 3281, 4772, 1228, 2206, 4666, 1624, 0, 3245, 3794, 3956, 251, 1852, 4250, 1569, 3944, 3443, 4373, 2492, 2536, 2027, 4057, 4848, 3122, 1564, 1215, 3132, 2018, 3313, 3342, 3516, 1785, 917, 747, 3583, 2638, 61971, 1328, 3307, 252, 1139, 2835, 1801, 900, 2420, 3149, 3062, 3331, 2250, 1575, 211, 637, 921, 3650, 2350, 2302, 2706, 3268, 3245, 0, 2714, 730, 3097, 3375, 1010, 3693, 748, 3583, 1208, 2818, 956, 1619, 988, 3614, 3036, 3769, 3055, 4635, 1594, 554, 3668, 4223, 1521, 3384, 3453, 831, 4526, 60186, 1691, 2182, 2920, 2684, 1144, 1426, 1953, 341, 2313, 4434, 1154, 870, 2662, 2503, 2269, 1800, 1054, 2591, 1589, 1143, 2562, 3794, 2714, 0, 2771, 3830, 2462, 2974, 3010, 3200, 1315, 2708, 1465, 3232, 2024, 3536, 1089, 1002, 3099, 4441, 2919, 3548, 2180, 1499, 2074, 2530, 3229, 4423, 3542, 3168, 62488, 1777, 3799, 626, 1850, 2589, 1546, 829, 2537, 3683, 3788, 3596, 2111, 2268, 740, 544, 1085, 3570, 2993, 2765, 2456, 3830, 3956, 730, 2771, 0, 3816, 3909, 304, 4280, 481, 3838, 506, 3220, 1657, 2195, 814, 3504, 3311, 4360, 3780, 5069, 2307, 778, 3955, 4537, 2198, 4031, 4182, 1079, 5030, 59438, 2522, 2258, 3279, 1967, 4736, 4099, 3495, 3523, 1955, 960, 3389, 4111, 1580, 3084, 3482, 3196, 4829, 1240, 2250, 4656, 1790, 251, 3097, 3830, 3816, 0, 2020, 4105, 1781, 3779, 3562, 4247, 2584, 2347, 1981, 3878, 4898, 3211, 1783, 980, 3341, 1803, 3201, 3472, 3679, 1682, 1126, 609, 3392, 2862, 58598, 2136, 304, 3624, 2458, 3581, 3383, 3228, 2271, 227, 2935, 1592, 3101, 2059, 3239, 3398, 2896, 3252, 1259, 1185, 3551, 231, 1852, 3375, 2462, 3909, 2020, 0, 4207, 551, 4115, 1690, 4158, 1000, 3153, 1757, 4357, 3362, 1537, 638, 2952, 1437, 2979, 3133, 1552, 1664, 2022, 981, 2598, 4045, 1165, 62778, 2073, 4092, 863, 2142, 2685, 1671, 1072, 2759, 3981, 4047, 3846, 2261, 2566, 1041, 821, 1357, 3718, 3297, 3057, 2552, 4131, 4250, 1010, 2974, 304, 4105, 4207, 0, 4582, 520, 4085, 398, 3501, 1902, 2499, 782, 3641, 3565, 4663, 4038, 5351, 2554, 1074, 4209, 4795, 2498, 4335, 4459, 1182, 5323, 58297, 2536, 848, 3935, 2680, 4124, 3880, 3650, 2811, 711, 2737, 2127, 3629, 2244, 3578, 3791, 3314, 3798, 1398, 1654, 4090, 483, 1569, 3693, 3010, 4280, 1781, 551, 4582, 0, 4440, 2204, 4568, 1546, 3339, 2087, 4656, 3910, 2087, 91, 2757, 1563, 3060, 3514, 2050, 2059, 2239, 655, 2302, 4298, 1094, 62714, 2029, 4036, 515, 1856, 3069, 2022, 1248, 2946, 3889, 3631, 3957, 2577, 2303, 880, 932, 1442, 4034, 3095, 3018, 2935, 4013, 3944, 748, 3200, 481, 3779, 4115, 520, 4440, 0, 4204, 899, 3512, 1484, 2363, 340, 3972, 3666, 4517, 3621, 5347, 2131, 1079, 4308, 4880, 2259, 4127, 4084, 663, 5261, 58886, 2295, 1390, 3823, 3134, 2398, 2694, 3014, 1375, 1655, 4373, 253, 2179, 2919, 3386, 3298, 2765, 1694, 2451, 1551, 2424, 1881, 3443, 3583, 1315, 3838, 3562, 1690, 4085, 2204, 4204, 0, 3880, 1029, 3810, 2320, 4520, 1830, 549, 2278, 4385, 1647, 3918, 3126, 202, 761, 2813, 2650, 4168, 4398, 2000, 62668, 2032, 4016, 1131, 2283, 2322, 1342, 934, 2524, 3934, 4270, 3651, 1944, 2677, 1170, 791, 1262, 3387, 3346, 2983, 2191, 4103, 4373, 1208, 2708, 506, 4247, 4158, 398, 4568, 899, 3880, 0, 3383, 2154, 2512, 1180, 3303, 3380, 4652, 4262, 5226, 2800, 1079, 4018, 4611, 2593, 4375, 4641, 1551, 5241, 59287, 1490, 738, 3069, 2180, 2580, 2450, 2454, 1273, 849, 3356, 820, 2116, 1917, 2643, 2681, 2145, 2321, 1428, 563, 2552, 1099, 2492, 2818, 1465, 3220, 2584, 1000, 3501, 1546, 3512, 1029, 3383, 0, 2879, 1359, 3798, 2417, 630, 1635, 3368, 1849, 2920, 2452, 1004, 1457, 1821, 1802, 3193, 3589, 1887, 61600, 1569, 3172, 1039, 709, 3606, 2631, 1753, 2900, 2944, 2150, 3560, 2973, 1099, 1069, 1557, 1627, 4253, 1942, 2317, 3485, 2992, 2536, 956, 3232, 1657, 2347, 3153, 1902, 3339, 1484, 3810, 2154, 2879, 0, 1521, 1537, 4246, 3271, 3400, 2140, 4543, 653, 1370, 3847, 4336, 1132, 2892, 2606, 1047, 4313, 60352, 551, 1710, 1868, 822, 2786, 2124, 1632, 1687, 1533, 2433, 2075, 2147, 645, 1493, 1724, 1302, 3077, 856, 796, 2697, 1650, 2027, 1619, 2024, 2195, 1981, 1757, 2499, 2087, 2363, 2320, 2512, 1359, 1521, 0, 2600, 3112, 1797, 2166, 2438, 3068, 1610, 1440, 2340, 2816, 519, 1866, 2521, 2305, 2914, 62948, 2308, 4294, 736, 2016, 3403, 2359, 1585, 3277, 4133, 3645, 4271, 2917, 2469, 1155, 1268, 1766, 4374, 3287, 3289, 3269, 4243, 4057, 988, 3536, 814, 3878, 4357, 782, 4656, 340, 4520, 1180, 3798, 1537, 2600, 0, 4312, 3978, 4730, 3633, 5622, 2156, 1395, 4618, 5184, 2440, 4307, 4138, 541, 5512, 60200, 2749, 3062, 3787, 3743, 1042, 1971, 2757, 1425, 3252, 5523, 1813, 1395, 3747, 3406, 3075, 2699, 157, 3663, 2648, 1154, 3501, 4848, 3614, 1089, 3504, 4898, 3362, 3641, 3910, 3972, 1830, 3303, 2417, 4246, 3112, 4312, 0, 1825, 3993, 5530, 3442, 4609, 3061, 2030, 2460, 3614, 4219, 5497, 4415, 3830, 59332, 1747, 1239, 3277, 2603, 2146, 2258, 2494, 943, 1432, 3963, 296, 1802, 2414, 2840, 2768, 2232, 1718, 2033, 1062, 2144, 1679, 3122, 3036, 1002, 3311, 3211, 1537, 3565, 2087, 3666, 549, 3380, 630, 3271, 1797, 3978, 1825, 0, 2171, 3974, 1949, 3405, 2587, 644, 1231, 2302, 2415, 3820, 3850, 2166, 58227, 2621, 931, 4010, 2747, 4213, 3970, 3735, 2900, 802, 2742, 2206, 3719, 2309, 3656, 3874, 3399, 3880, 1462, 1744, 4180, 573, 1564, 3769, 3099, 4360, 1783, 638, 4663, 91, 4517, 2278, 4652, 1635, 3400, 2166, 4730, 3993, 2171, 0, 2762, 1574, 3108, 3596, 2120, 2110, 2307, 660, 2290, 4366, 1080, 60164, 2907, 3162, 3175, 2069, 5206, 4419, 3671, 4110, 2856, 22, 4188, 4557, 1851, 3108, 3573, 3426, 5481, 1942, 2938, 5109, 2721, 1215, 3055, 4441, 3780, 980, 2952, 4038, 2757, 3621, 4385, 4262, 3368, 2140, 2438, 3633, 5530, 3974, 2762, 0, 4310, 1490, 3320, 4320, 4586, 1983, 2103, 676, 3101, 3841, 57443, 3319, 1371, 4887, 3836, 4036, 4196, 4300, 2892, 1618, 4292, 1766, 3749, 3466, 4471, 4531, 3994, 3296, 2693, 2333, 4054, 1647, 3132, 4635, 2919, 5069, 3341, 1437, 5351, 1563, 5347, 1647, 5226, 1849, 4543, 3068, 5622, 3442, 1949, 1574, 4310, 0, 4410, 4298, 1446, 1001, 3413, 2216, 3864, 5370, 601, 61194, 1861, 3059, 1692, 866, 4074, 3157, 2319, 3208, 2793, 1501, 3678, 3425, 1003, 1679, 2163, 2137, 4597, 1720, 2369, 3960, 2786, 2018, 1594, 3548, 2307, 1803, 2979, 2554, 3060, 2131, 3918, 2800, 2920, 653, 1610, 2156, 4609, 3405, 3108, 1490, 4410, 0, 1943, 3921, 4350, 1105, 2530, 1988, 1635, 4103, 61710, 999, 3020, 740, 1266, 2292, 1274, 383, 1900, 2907, 3324, 2878, 1697, 1621, 349, 289, 381, 3099, 2267, 1987, 2164, 3059, 3313, 554, 2180, 778, 3201, 3133, 1074, 3514, 1079, 3126, 1079, 2452, 1370, 1440, 1395, 3061, 2587, 3596, 3320, 4298, 1943, 0, 3229, 3801, 1527, 3298, 3631, 1365, 4251, 58721, 2363, 1259, 3912, 3160, 2594, 2858, 3137, 1535, 1539, 4307, 369, 2356, 2919, 3476, 3413, 2876, 1892, 2399, 1554, 2618, 1754, 3342, 3668, 1499, 3955, 3472, 1552, 4209, 2050, 4308, 202, 4018, 1004, 3847, 2340, 4618, 2030, 644, 2120, 4320, 1446, 3921, 3229, 0, 595, 2819, 2524, 4075, 4476, 1800, 58128, 2903, 1424, 4470, 3636, 3135, 3451, 3724, 2128, 1731, 4570, 964, 2939, 3351, 4035, 3994, 3455, 2310, 2731, 2020, 3169, 1892, 3516, 4223, 2074, 4537, 3679, 1664, 4795, 2059, 4880, 761, 4611, 1457, 4336, 2816, 5184, 2460, 1231, 2110, 4586, 1001, 4350, 3801, 595, 0, 3264, 2633, 4262, 5019, 1493, 60533, 924, 2043, 1744, 442, 3224, 2461, 1813, 2190, 1812, 1981, 2573, 2574, 135, 1458, 1813, 1518, 3584, 850, 1266, 3126, 1867, 1785, 1521, 2530, 2198, 1682, 2022, 2498, 2239, 2259, 2813, 2593, 1821, 1132, 519, 2440, 3614, 2302, 2307, 1983, 3413, 1105, 1527, 2819, 3264, 0, 1869, 2159, 2059, 3184, 58708, 2387, 1266, 3612, 2292, 4279, 3874, 3496, 2976, 998, 2083, 2524, 3722, 1840, 3301, 3585, 3163, 4123, 1038, 1696, 4227, 771, 917, 3384, 3229, 4031, 1126, 981, 4335, 655, 4127, 2650, 4375, 1802, 2892, 1866, 4307, 4219, 2415, 660, 2103, 2216, 2530, 3298, 2524, 2633, 1869, 0, 1657, 3900, 1740, 59490, 3047, 2849, 3607, 2368, 5300, 4614, 3952, 4110, 2548, 654, 3997, 4666, 2040, 3471, 3903, 3672, 5430, 1834, 2850, 5215, 2370, 747, 3453, 4423, 4182, 609, 2598, 4459, 2302, 4084, 4168, 4641, 3193, 2606, 2521, 4138, 5497, 3820, 2290, 676, 3864, 1988, 3631, 4075, 4262, 2159, 1657, 0, 3622, 3351, 62591, 2116, 4015, 628, 1619, 3582, 2529, 1661, 3251, 3825, 3114, 4146, 3032, 2066, 1040, 1351, 1743, 4459, 2906, 3051, 3449, 3911, 3583, 831, 3542, 1079, 3392, 4045, 1182, 4298, 663, 4398, 1551, 3589, 1047, 2305, 541, 4415, 3850, 4366, 3101, 5370, 1635, 1365, 4476, 5019, 2059, 3900, 3622, 0, 5210, 57460, 3253, 1231, 4777, 3622, 4309, 4329, 4307, 3077, 1385, 3822, 2054, 3945, 3216, 4382, 4505, 3985, 3692, 2392, 2266, 4310, 1324, 2638, 4526, 3168, 5030, 2862, 1165, 5323, 1094, 5261, 2000, 5241, 1887, 4313, 2914, 5512, 3830, 2166, 1080, 3841, 601, 4103, 4251, 1800, 1493, 3184, 1740, 3351, 5210, 0

Time (same as Distance for all Modes: combustion, combustion+charging, electric, combustion+electric)
0, 67.46, 65.21, 69.13, 67.75, 67.93, 68.42, 68.6, 66.95, 65.36, 66.83, 65.65, 67.84, 67.25, 68.71, 68.84, 68.25, 66.72, 66.32, 66.36, 68, 65.23, 65.78, 68.86, 66.87, 69.43, 66.04, 65.11, 69.75, 64.77, 69.68, 65.43, 69.63, 65.87, 68.44, 67.06, 69.94, 66.89, 65.92, 64.7, 66.85, 63.83, 67.99, 68.57, 65.25, 64.59, 67.26, 65.23, 66.1, 69.55, 63.84, 67.46, 0, 4.49, 3.51, 3.14, 5.11, 3.5, 2.48, 3, 4.24, 6.45, 4.54, 3.67, 2.35, 2.56, 2.8, 2.47, 6.08, 3.11, 3.13, 4.89, 4.6, 5.73, 2.95, 3.76, 3.95, 5.6, 4.75, 4.61, 5.64, 4.51, 5.1, 4.52, 3.31, 3.49, 1.74, 5.13, 6.11, 3.88, 5.82, 6.46, 7.38, 4.14, 3.15, 5.25, 6.45, 2.92, 5.3, 6.77, 4.7, 7.23, 65.21, 4.49, 0, 7.91, 5.48, 7.36, 7.04, 6.85, 4.46, 1.32, 6.99, 2.86, 6.34, 4.66, 7.01, 7.28, 6.13, 6.56, 3.02, 2.3, 7.3, 2.12, 4.68, 7.35, 4.85, 8.44, 5.02, 1.3, 9.09, 2.68, 8.97, 3.09, 8.92, 2.33, 7.05, 3.8, 9.54, 6.8, 2.75, 2.94, 7.03, 3.05, 6.8, 6.71, 2.8, 3.16, 4.54, 2.81, 6.33, 8.92, 2.74, 69.13, 3.51, 7.91, 0, 2.98, 6.6, 4.26, 2.3, 5.86, 7.55, 7.08, 7.94, 5.35, 3.98, 1.87, 2.32, 2.49, 8.51, 5.74, 5.68, 6.3, 7.81, 7.64, 1.08, 6.49, 1.98, 7.29, 8.05, 2.73, 8.74, 1.63, 8.5, 2.51, 6.82, 2.31, 4.15, 2.32, 8.42, 7.28, 8.91, 7.06, 10.86, 3.76, 2.34, 8.69, 9.93, 3.88, 8.03, 8.02, 1.98, 10.62, 67.75, 3.14, 5.48, 2.98, 0, 7.19, 5.26, 3.56, 5.21, 4.99, 4.6, 6.42, 5.74, 1.94, 2.48, 3.41, 3.02, 8.29, 2.86, 3.59, 6.94, 5.13, 4.68, 2.53, 5.96, 4.11, 4.37, 5.46, 4.76, 5.96, 4.12, 6.96, 5.07, 4.84, 2.24, 2.6, 4.48, 8.32, 5.78, 6.1, 4.6, 8.52, 2.73, 2.81, 7.02, 8.08, 1.89, 5.09, 5.26, 3.6, 8.05, 67.93, 5.11, 7.36, 6.6, 7.19, 0, 2.34, 4.3, 2.92, 7.59, 6.37, 5.05, 2.06, 7.46, 5.87, 4.96, 4.4, 2.58, 7.8, 5.75, 0.57, 8.14, 10.53, 6.3, 2.54, 5.75, 10.52, 7.96, 5.97, 9.16, 6.82, 5.33, 5.16, 5.73, 8.01, 6.19, 7.56, 2.32, 4.77, 9.36, 6.37, 8.97, 9.05, 5.09, 5.76, 6.97, 7.16, 9.51, 6.49, 7.96, 9.58, 68.42, 3.5, 7.04, 4.26, 5.26, 2.34, 0, 2.85, 2.94, 7.07, 9.82, 5.54, 1.91, 5.75, 3.59, 2.63, 2.27, 4.55, 6.56, 4.95, 2.91, 7.55, 9.22, 4, 3.17, 3.44, 9.11, 7.52, 3.71, 8.62, 4.49, 5.99, 2.98, 5.44, 5.85, 4.72, 5.24, 4.38, 5.02, 8.82, 9.82, 9.32, 7.02, 2.83, 6.35, 7.67, 5.47, 8.61, 10.25, 5.62, 9.62, 68.6, 2.48, 6.85, 2.3, 3.56, 4.3, 2.85, 0, 3.8, 6.68, 8.17, 6.17, 3.04, 4.26, 2.25, 1.37, 1.44, 6.24, 5.52, 4.56, 4.02, 7.07, 7.98, 2.84, 4.34, 2.62, 7.77, 7.17, 2.38, 8.11, 2.77, 6.7, 2.95, 5.45, 3.9, 3.63, 3.52, 6.13, 5.54, 8.3, 8.16, 9.56, 5.15, 1.64, 6.97, 8.28, 4.03, 7.77, 8.78, 3.69, 9.57, 66.95, 3, 4.46, 5.86, 5.21, 2.92, 2.94, 3.8, 0, 4.67, 9.12, 2.6, 2.74, 5.16, 4.91, 4.48, 3.38, 3.1, 5.07, 2.89, 2.84, 5.21, 7.77, 5.38, 1.46, 5.64, 7.83, 5.05, 6.13, 6.25, 6.55, 3.06, 5.61, 2.83, 6.44, 3.75, 7.28, 3.17, 2.98, 6.44, 9.13, 6.43, 7.13, 4.22, 3.41, 4.73, 4.87, 6.61, 9.13, 7.22, 6.84, 65.36, 4.24, 1.32, 7.55, 4.99, 7.59, 7.07, 6.68, 4.67, 0, 6.31, 3.39, 6.48, 4.12, 6.69, 7.05, 5.94, 7, 2.4, 3.06, 7.51, 1.07, 4.02, 7, 5.14, 8.18, 4.34, 0.97, 8.85, 2.25, 8.64, 3.68, 8.74, 2.68, 6.54, 3.41, 9.18, 7.23, 3.18, 2.53, 6.35, 3.6, 6.21, 6.46, 3.42, 3.85, 4.03, 3.15, 5.66, 8.5, 3.08, 66.83, 6.45, 6.99, 7.08, 4.6, 6.37, 9.82, 8.17, 9.12, 6.31, 0, 9.28, 10.12, 4.11, 6.92, 7.95, 7.62, 6.7, 4.29, 6.51, 6.25, 6.01, 2.65, 6.8, 9.85, 8.42, 3.03, 6.52, 8.99, 6.08, 8.07, 9.72, 9.49, 7.46, 4.78, 5.41, 8.1, 6.76, 8.81, 6.09, 0.13, 9.54, 3.34, 7.39, 9.57, 10.16, 4.4, 4.63, 2.07, 6.92, 8.49, 65.65, 4.54, 2.86, 7.94, 6.42, 5.05, 5.54, 6.17, 2.6, 3.39, 9.28, 0, 4.44, 5.96, 6.97, 6.79, 5.6, 3.75, 5, 2.93, 5.08, 3.92, 7.29, 7.4, 2.56, 7.99, 7.53, 3.54, 8.55, 4.73, 8.79, 1.08, 8.11, 2.59, 7.91, 4.61, 9.49, 4.03, 1.27, 4.9, 9.31, 3.92, 8.17, 6.4, 1.58, 3.04, 5.72, 5.61, 8.88, 9.21, 4.56, 67.84, 3.67, 6.34, 5.35, 5.74, 2.06, 1.91, 3.04, 2.74, 6.48, 10.12, 4.44, 0, 6.02, 4.55, 3.74, 3.02, 3.24, 6.44, 4.5, 1.74, 7.01, 9.17, 5, 2.75, 4.69, 9.14, 6.89, 5.02, 8.06, 5.73, 4.84, 4.32, 4.7, 6.61, 4.77, 6.48, 3.1, 4, 8.26, 10.13, 8.33, 7.61, 3.77, 5.24, 6.53, 5.72, 8.27, 10.37, 6.74, 8.77, 67.25, 2.35, 4.66, 3.98, 1.94, 7.46, 5.75, 4.26, 5.16, 4.12, 4.11, 5.96, 6.02, 0, 3.4, 4.23, 3.63, 8.26, 2.67, 3.04, 7.24, 4.21, 3.77, 3.5, 5.92, 5.04, 3.51, 4.58, 5.7, 4.99, 5.12, 6.49, 5.95, 4.26, 2.44, 2.04, 5.49, 8.33, 5.36, 5.13, 4.11, 7.7, 2.23, 3.6, 6.49, 7.45, 0.58, 4.09, 4.53, 4.59, 7.15, 68.71, 2.56, 7.01, 1.87, 2.48, 5.87, 3.59, 2.25, 4.91, 6.69, 6.92, 6.97, 4.55, 3.4, 0, 2.1, 2.24, 7.65, 5.03, 4.76, 5.58, 6.98, 7.15, 0.9, 5.56, 2.34, 6.85, 7.2, 2.31, 7.95, 2.78, 7.52, 2.6, 5.87, 2.38, 3.32, 2.57, 7.57, 6.31, 8.12, 6.91, 9.94, 3.73, 1.5, 7.72, 8.97, 3.24, 7.34, 7.71, 2.31, 9.74, 68.84, 2.8, 7.28, 2.32, 3.41, 4.96, 2.63, 1.37, 4.48, 7.05, 7.95, 6.79, 3.74, 4.23, 2.1, 0, 1.71, 6.95, 5.68, 4.98, 4.67, 7.4, 8, 2.01, 5.04, 1.72, 7.74, 7.55, 2.59, 8.42, 2.94, 7.33, 2.5, 5.96, 3.46, 3.83, 2.82, 6.83, 6.15, 8.61, 7.94, 10.07, 4.81, 1.24, 7.58, 8.88, 4.03, 7.97, 8.67, 3, 10.01, 68.25, 2.47, 6.13, 2.49, 3.02, 4.4, 2.27, 1.44, 3.38, 5.94, 7.62, 5.6, 3.02, 3.63, 2.24, 1.71, 0, 6.07, 4.79, 3.83, 4.13, 6.32, 7.29, 2.91, 4, 2.41, 7.1, 6.44, 3.02, 7.36, 3.2, 6.14, 2.8, 4.77, 3.62, 2.89, 3.92, 6, 4.96, 7.55, 7.61, 8.88, 4.75, 1.63, 6.39, 7.68, 3.37, 7.03, 8.16, 3.87, 8.86, 66.72, 6.08, 6.56, 8.51, 8.29, 2.58, 4.55, 6.24, 3.1, 7, 6.7, 3.75, 3.24, 8.26, 7.65, 6.95, 6.07, 0, 8, 5.73, 2.82, 7.55, 10.6, 8.11, 2.34, 7.93, 10.73, 7.23, 8.26, 8.44, 8.96, 3.76, 7.53, 5.16, 9.45, 6.84, 9.72, 0.67, 3.82, 8.62, 6.71, 7.32, 10.22, 6.89, 4.2, 5.13, 7.96, 9.16, 6.65, 9.91, 8.2, 66.32, 3.11, 3.02, 5.74, 2.86, 7.8, 6.56, 5.52, 5.07, 2.4, 4.29, 5, 6.44, 2.67, 5.03, 5.68, 4.79, 8, 0, 2.26, 7.64, 2.38, 2.73, 5.22, 5.76, 6.65, 2.76, 2.8, 7.33, 3.11, 6.88, 5.45, 7.44, 3.17, 4.32, 2.7, 7.3, 8.14, 4.52, 3.25, 4.32, 5.98, 3.82, 5.04, 5.33, 6.07, 2.68, 2.31, 4.08, 6.46, 5.32, 66.36, 3.13, 2.3, 5.68, 3.59, 5.75, 4.95, 4.56, 2.89, 3.06, 6.51, 2.93, 4.5, 3.04, 4.76, 4.98, 3.83, 5.73, 2.26, 0, 5.63, 2.6, 4.9, 5.12, 3.53, 6.14, 5, 2.63, 6.79, 3.68, 6.71, 3.45, 6.63, 1.78, 5.15, 2.51, 7.31, 5.88, 2.36, 3.88, 6.53, 5.18, 5.26, 4.42, 3.45, 4.49, 2.81, 3.77, 6.33, 6.78, 5.04, 68, 4.89, 7.3, 6.3, 6.94, 0.57, 2.91, 4.02, 2.84, 7.51, 6.25, 5.08, 1.74, 7.24, 5.58, 4.67, 4.13, 2.82, 7.64, 5.63, 0, 8.05, 10.37, 6.01, 2.54, 5.46, 10.35, 7.89, 5.67, 9.09, 6.52, 5.39, 4.87, 5.67, 7.74, 5.99, 7.26, 2.56, 4.76, 9.29, 6.26, 9.01, 8.8, 4.81, 5.82, 7.04, 6.95, 9.39, 6.39, 7.66, 9.58, 65.23, 4.6, 2.12, 7.81, 5.13, 8.14, 7.55, 7.07, 5.21, 1.07, 6.01, 3.92, 7.01, 4.21, 6.98, 7.4, 6.32, 7.55, 2.38, 2.6, 8.05, 0, 3.61, 7.26, 5.69, 8.51, 3.98, 0.99, 9.18, 2.07, 8.92, 4.18, 9.12, 2.44, 6.65, 3.67, 9.43, 7.78, 3.73, 1.81, 6.05, 3.66, 6.19, 6.8, 3.9, 4.2, 4.15, 2.43, 5.27, 8.69, 2.94, 65.78, 5.73, 4.68, 7.64, 4.68, 10.53, 9.22, 7.98, 7.77, 4.02, 2.65, 7.29, 9.17, 3.77, 7.15, 8, 7.29, 10.6, 2.73, 4.9, 10.37, 3.61, 0, 7.21, 8.43, 8.79, 1.08, 4.12, 9.44, 3.49, 8.76, 7.65, 9.72, 5.54, 5.64, 4.5, 9.02, 10.77, 6.94, 3.48, 2.7, 6.96, 4.48, 7.36, 7.43, 7.81, 3.97, 2.9, 2.36, 7.96, 5.86, 68.86, 2.95, 7.35, 1.08, 2.53, 6.3, 4, 2.84, 5.38, 7, 6.8, 7.4, 5, 3.5, 0.9, 2.01, 2.91, 8.11, 5.22, 5.12, 6.01, 7.26, 7.21, 0, 6.03, 2.31, 6.88, 7.5, 2.24, 8.21, 2.36, 7.96, 2.68, 6.26, 3.02, 3.6, 3.12, 8.03, 6.75, 8.38, 6.79, 10.3, 3.54, 1.75, 8.15, 9.38, 3.38, 7.52, 7.67, 2.62, 10.06, 66.87, 3.76, 4.85, 6.49, 5.96, 2.54, 3.17, 4.34, 1.46, 5.14, 9.85, 2.56, 2.75, 5.92, 5.56, 5.04, 4, 2.34, 5.76, 3.53, 2.54, 5.69, 8.43, 6.03, 0, 6.16, 8.51, 5.47, 6.61, 6.69, 7.11, 2.92, 6.02, 3.26, 7.18, 4.5, 7.86, 2.42, 2.23, 6.89, 9.87, 6.49, 7.88, 4.84, 3.33, 4.61, 5.62, 7.18, 9.83, 7.87, 7.04, 69.43, 3.95, 8.44, 1.98, 4.11, 5.75, 3.44, 2.62, 5.64, 8.18, 8.42, 7.99, 4.69, 5.04, 2.34, 1.72, 2.41, 7.93, 6.65, 6.14, 5.46, 8.51, 8.79, 2.31, 6.16, 0, 8.48, 8.69, 1.3, 9.51, 2.06, 8.53, 1.6, 7.16, 3.68, 4.88, 2.57, 7.79, 7.36, 9.69, 8.4, 6.21, 5.13, 2.46, 8.79, 10.08, 4.88, 8.96, 9.29, 2.4, 6.16, 66.04, 5.6, 5.02, 7.29, 4.37, 10.52, 9.11, 7.77, 7.83, 4.34, 3.03, 7.53, 9.14, 3.51, 6.85, 7.74, 7.1, 10.73, 2.76, 5, 10.35, 3.98, 1.08, 6.88, 8.51, 8.48, 0, 4.49, 9.12, 3.96, 8.4, 7.92, 9.44, 5.74, 5.22, 4.4, 8.62, 10.88, 7.14, 3.96, 3.09, 7.42, 4.01, 7.11, 7.72, 8.18, 3.74, 2.5, 1.92, 7.54, 6.36, 65.11, 4.75, 1.3, 8.05, 5.46, 7.96, 7.52, 7.17, 5.05, 0.97, 6.52, 3.54, 6.89, 4.58, 7.2, 7.55, 6.44, 7.23, 2.8, 2.63, 7.89, 0.99, 4.12, 7.5, 5.47, 8.69, 4.49, 0, 9.35, 1.74, 9.14, 3.76, 9.24, 3.16, 7.01, 3.9, 9.68, 7.47, 3.42, 2.01, 6.56, 3.19, 6.62, 6.96, 3.45, 3.7, 4.49, 3.1, 5.77, 8.99, 2.59, 69.75, 4.61, 9.09, 2.73, 4.76, 5.97, 3.71, 2.38, 6.13, 8.85, 8.99, 8.55, 5.02, 5.7, 2.31, 2.59, 3.02, 8.26, 7.33, 6.79, 5.67, 9.18, 9.44, 2.24, 6.61, 1.3, 9.12, 9.35, 0, 10.18, 1.64, 9.08, 1.71, 7.78, 4.23, 5.55, 2.47, 8.09, 7.92, 10.36, 8.97, 6.55, 5.68, 2.39, 9.35, 10.66, 5.55, 9.63, 9.91, 2.63, 6.52, 64.77, 5.64, 2.68, 8.74, 5.96, 9.16, 8.62, 8.11, 6.25, 2.25, 6.08, 4.73, 8.06, 4.99, 7.95, 8.42, 7.36, 8.44, 3.11, 3.68, 9.09, 2.07, 3.49, 8.21, 6.69, 9.51, 3.96, 1.74, 10.18, 0, 9.87, 4.9, 10.15, 3.44, 7.42, 4.64, 10.35, 8.69, 4.64, 0.55, 6.13, 3.47, 6.8, 7.81, 4.56, 4.58, 4.98, 2.07, 5.12, 9.55, 2.43, 69.68, 4.51, 8.97, 1.63, 4.12, 6.82, 4.49, 2.77, 6.55, 8.64, 8.07, 8.79, 5.73, 5.12, 2.78, 2.94, 3.2, 8.96, 6.88, 6.71, 6.52, 8.92, 8.76, 2.36, 7.11, 2.06, 8.4, 9.14, 1.64, 9.87, 0, 9.34, 2.84, 7.8, 3.3, 5.25, 1.46, 8.83, 8.15, 10.04, 8.05, 6.55, 4.74, 2.4, 9.57, 10.84, 5.02, 9.17, 9.08, 2.09, 6.44, 65.43, 5.1, 3.09, 8.5, 6.96, 5.33, 5.99, 6.7, 3.06, 3.68, 9.72, 1.08, 4.84, 6.49, 7.52, 7.33, 6.14, 3.76, 5.45, 3.45, 5.39, 4.18, 7.65, 7.96, 2.92, 8.53, 7.92, 3.76, 9.08, 4.9, 9.34, 0, 8.62, 2.29, 8.47, 5.16, 10.04, 4.07, 1.73, 5.06, 9.74, 3.66, 8.71, 6.95, 0.87, 2.4, 6.25, 5.89, 9.26, 9.77, 4.44, 69.63, 4.52, 8.92, 2.51, 5.07, 5.16, 2.98, 2.95, 5.61, 8.74, 9.49, 8.11, 4.32, 5.95, 2.6, 2.5, 2.8, 7.53, 7.44, 6.63, 4.87, 9.12, 9.72, 2.68, 6.02, 1.6, 9.44, 9.24, 1.71, 10.15, 2.84, 8.62, 0, 7.52, 4.79, 5.58, 2.62, 7.34, 7.51, 10.34, 9.47, 6.4, 6.22, 2.4, 8.93, 10.25, 5.76, 9.72, 10.31, 3.45, 6.42, 65.87, 3.31, 2.33, 6.82, 4.84, 5.73, 5.44, 5.45, 2.83, 2.68, 7.46, 2.59, 4.7, 4.26, 5.87, 5.96, 4.77, 5.16, 3.17, 1.78, 5.67, 2.44, 5.54, 6.26, 3.26, 7.16, 5.74, 3.16, 7.78, 3.44, 7.8, 2.29, 7.52, 0, 6.4, 3.02, 8.44, 5.37, 1.99, 3.63, 7.48, 4.11, 6.49, 5.45, 2.23, 3.24, 4.05, 4, 7.1, 7.98, 4.19, 68.44, 3.49, 7.05, 2.31, 2.24, 8.01, 5.85, 3.9, 6.44, 6.54, 4.78, 7.91, 6.61, 2.44, 2.38, 3.46, 3.62, 9.45, 4.32, 5.15, 7.74, 6.65, 5.64, 3.02, 7.18, 3.68, 5.22, 7.01, 4.23, 7.42, 3.3, 8.47, 4.79, 6.4, 0, 3.38, 3.42, 9.44, 7.27, 7.56, 4.76, 10.1, 2.06, 3.04, 8.55, 9.64, 2.52, 6.43, 5.79, 2.33, 9.58, 67.06, 1.74, 3.8, 4.15, 2.6, 6.19, 4.72, 3.63, 3.75, 3.41, 5.41, 4.61, 4.77, 2.04, 3.32, 3.83, 2.89, 6.84, 2.7, 2.51, 5.99, 3.67, 4.5, 3.6, 4.5, 4.88, 4.4, 3.9, 5.55, 4.64, 5.25, 5.16, 5.58, 3.02, 3.38, 0, 5.78, 6.92, 3.99, 4.81, 5.42, 6.82, 3.58, 3.2, 5.2, 6.26, 1.64, 4.15, 5.6, 5.12, 6.48, 69.94, 5.13, 9.54, 2.32, 4.48, 7.56, 5.24, 3.52, 7.28, 9.18, 8.1, 9.49, 6.48, 5.49, 2.57, 2.82, 3.92, 9.72, 7.3, 7.31, 7.26, 9.43, 9.02, 3.12, 7.86, 2.57, 8.62, 9.68, 2.47, 10.35, 1.46, 10.04, 2.62, 8.44, 3.42, 5.78, 0, 9.58, 8.84, 10.51, 8.07, 6.88, 4.79, 3.1, 10.26, 6.35, 5.42, 9.57, 9.2, 1.71, 6.75, 66.89, 6.11, 6.8, 8.42, 8.32, 2.32, 4.38, 6.13, 3.17, 7.23, 6.76, 4.03, 3.1, 8.33, 7.57, 6.83, 6, 0.67, 8.14, 5.88, 2.56, 7.78, 10.77, 8.03, 2.42, 7.79, 10.88, 7.47, 8.09, 8.69, 8.83, 4.07, 7.34, 5.37, 9.44, 6.92, 9.58, 0, 4.06, 8.87, 6.77, 7.65, 10.24, 6.8, 4.51, 5.47, 8.03, 9.38, 6.73, 9.81, 8.51, 65.92, 3.88, 2.75, 7.28, 5.78, 4.77, 5.02, 5.54, 2.98, 3.18, 8.81, 1.27, 4, 5.36, 6.31, 6.15, 4.96, 3.82, 4.52, 2.36, 4.76, 3.73, 6.94, 6.75, 2.23, 7.36, 7.14, 3.42, 7.92, 4.64, 8.15, 1.73, 7.51, 1.99, 7.27, 3.99, 8.84, 4.06, 0, 4.82, 8.83, 4.33, 7.57, 5.75, 2.03, 2.74, 5.12, 5.37, 8.49, 8.56, 4.81, 64.7, 5.82, 2.94, 8.91, 6.1, 9.36, 8.82, 8.3, 6.44, 2.53, 6.09, 4.9, 8.26, 5.13, 8.12, 8.61, 7.55, 8.62, 3.25, 3.88, 9.29, 1.81, 3.48, 8.38, 6.89, 9.69, 3.96, 2.01, 10.36, 0.55, 10.04, 5.06, 10.34, 3.63, 7.56, 4.81, 10.51, 8.87, 4.82, 0, 6.14, 3.5, 6.91, 7.99, 4.71, 4.69, 5.13, 2.08, 5.09, 9.7, 2.4, 66.85, 6.46, 7.03, 7.06, 4.6, 6.37, 9.82, 8.16, 9.13, 6.35, 0.13, 9.31, 10.13, 4.11, 6.91, 7.94, 7.61, 6.71, 4.32, 6.53, 6.26, 6.05, 2.7, 6.79, 9.87, 8.4, 3.09, 6.56, 8.97, 6.13, 8.05, 9.74, 9.47, 7.48, 4.76, 5.42, 8.07, 6.77, 8.83, 6.14, 0, 9.58, 3.31, 7.38, 9.6, 10.19, 4.41, 4.67, 2.13, 6.89, 8.54, 63.83, 7.38, 3.05, 10.86, 8.52, 8.97, 9.32, 9.56, 6.43, 3.6, 9.54, 3.92, 8.33, 7.7, 9.94, 10.07, 8.88, 7.32, 5.98, 5.18, 9.01, 3.66, 6.96, 10.3, 6.49, 6.21, 7.42, 3.19, 6.55, 3.47, 6.55, 3.66, 6.4, 4.11, 10.1, 6.82, 6.88, 7.65, 4.33, 3.5, 9.58, 0, 9.8, 9.55, 3.21, 2.22, 7.58, 4.92, 8.59, 6.58, 1.9, 67.99, 4.14, 6.8, 3.76, 2.73, 9.05, 7.02, 5.15, 7.13, 6.21, 3.34, 8.17, 7.61, 2.23, 3.73, 4.81, 4.75, 10.22, 3.82, 5.26, 8.8, 6.19, 4.48, 3.54, 7.88, 5.13, 4.01, 6.62, 5.68, 6.8, 4.74, 8.71, 6.22, 6.49, 2.06, 3.58, 4.79, 10.24, 7.57, 6.91, 3.31, 9.8, 0, 4.32, 8.71, 9.67, 2.46, 5.62, 4.42, 3.63, 9.12, 68.57, 3.15, 6.71, 2.34, 2.81, 5.09, 2.83, 1.64, 4.22, 6.46, 7.39, 6.4, 3.77, 3.6, 1.5, 1.24, 1.63, 6.89, 5.04, 4.42, 4.81, 6.8, 7.36, 1.75, 4.84, 2.46, 7.11, 6.96, 2.39, 7.81, 2.4, 6.95, 2.4, 5.45, 3.04, 3.2, 3.1, 6.8, 5.75, 7.99, 7.38, 9.55, 4.32, 0, 7.18, 8.45, 3.39, 7.33, 8.07, 3.03, 9.45, 65.25, 5.25, 2.8, 8.69, 7.02, 5.76, 6.35, 6.97, 3.41, 3.42, 9.57, 1.58, 5.24, 6.49, 7.72, 7.58, 6.39, 4.2, 5.33, 3.45, 5.82, 3.9, 7.43, 8.15, 3.33, 8.79, 7.72, 3.45, 9.35, 4.56, 9.57, 0.87, 8.93, 2.23, 8.55, 5.2, 10.26, 4.51, 2.03, 4.71, 9.6, 3.21, 8.71, 7.18, 0, 1.88, 6.26, 5.61, 9.06, 9.95, 4, 64.59, 6.45, 3.16, 9.93, 8.08, 6.97, 7.67, 8.28, 4.73, 3.85, 10.16, 3.04, 6.53, 7.45, 8.97, 8.88, 7.68, 5.13, 6.07, 4.49, 7.04, 4.2, 7.81, 9.38, 4.61, 10.08, 8.18, 3.7, 10.66, 4.58, 10.84, 2.4, 10.25, 3.24, 9.64, 6.26, 6.35, 5.47, 2.74, 4.69, 10.19, 2.22, 9.67, 8.45, 1.88, 0, 7.25, 5.85, 9.47, 6.15, 3.32, 67.26, 2.92, 4.54, 3.88, 1.89, 7.16, 5.47, 4.03, 4.87, 4.03, 4.4, 5.72, 5.72, 0.58, 3.24, 4.03, 3.37, 7.96, 2.68, 2.81, 6.95, 4.15, 3.97, 3.38, 5.62, 4.88, 3.74, 4.49, 5.55, 4.98, 5.02, 6.25, 5.76, 4.05, 2.52, 1.64, 5.42, 8.03, 5.12, 5.13, 4.41, 7.58, 2.46, 3.39, 6.26, 7.25, 0, 4.15, 4.8, 4.58, 7.08, 65.23, 5.3, 2.81, 8.03, 5.09, 9.51, 8.61, 7.77, 6.61, 3.15, 4.63, 5.61, 8.27, 4.09, 7.34, 7.97, 7.03, 9.16, 2.31, 3.77, 9.39, 2.43, 2.9, 7.52, 7.18, 8.96, 2.5, 3.1, 9.63, 2.07, 9.17, 5.89, 9.72, 4, 6.43, 4.15, 9.57, 9.38, 5.37, 2.08, 4.67, 4.92, 5.62, 7.33, 5.61, 5.85, 4.15, 0, 3.68, 8.67, 3.87, 66.1, 6.77, 6.33, 8.02, 5.26, 6.49, 10.25, 8.78, 9.13, 5.66, 2.07, 8.88, 10.37, 4.53, 7.71, 8.67, 8.16, 6.65, 4.08, 6.33, 6.39, 5.27, 2.36, 7.67, 9.83, 9.29, 1.92, 5.77, 9.91, 5.12, 9.08, 9.26, 10.31, 7.1, 5.79, 5.6, 9.2, 6.73, 8.49, 5.09, 2.13, 8.59, 4.42, 8.07, 9.06, 9.47, 4.8, 3.68, 0, 8.05, 7.45, 69.55, 4.7, 8.92, 1.98, 3.6, 7.96, 5.62, 3.69, 7.22, 8.5, 6.92, 9.21, 6.74, 4.59, 2.31, 3, 3.87, 9.91, 6.46, 6.78, 7.66, 8.69, 7.96, 2.62, 7.87, 2.4, 7.54, 8.99, 2.63, 9.55, 2.09, 9.77, 3.45, 7.98, 2.33, 5.12, 1.71, 9.81, 8.56, 9.7, 6.89, 6.58, 3.63, 3.03, 9.95, 6.15, 4.58, 8.67, 8.05, 0, 6.38, 63.84, 7.23, 2.74, 10.62, 8.05, 9.58, 9.62, 9.57, 6.84, 3.08, 8.49, 4.56, 8.77, 7.15, 9.74, 10.01, 8.86, 8.2, 5.32, 5.04, 9.58, 2.94, 5.86, 10.06, 7.04, 6.16, 6.36, 2.59, 6.52, 2.43, 6.44, 4.44, 6.42, 4.19, 9.58, 6.48, 6.75, 8.51, 4.81, 2.4, 8.54, 1.9, 9.12, 9.45, 4, 3.32, 7.08, 3.87, 7.45, 6.38, 0, 0, 71.43, 69.05, 73.2, 71.73, 71.92, 72.45, 72.64, 70.89, 69.2, 70.76, 69.52, 71.83, 71.21, 72.75, 72.89, 72.27, 70.65, 70.22, 70.26, 72, 69.06, 69.65, 72.91, 70.81, 73.52, 69.93, 68.94, 73.86, 68.58, 73.78, 69.28, 73.73, 69.75, 72.47, 71, 74.06, 70.82, 69.8, 68.5, 70.78, 67.58, 71.99, 72.6, 69.08, 68.39, 71.22, 69.07, 69.99, 73.64, 67.6, 71.43, 0, 4.85, 3.79, 3.32, 5.52, 3.78, 2.68, 3.24, 4.58, 6.97, 4.9, 3.96, 2.54, 2.77, 3.03, 2.61, 6.57, 3.36, 3.31, 5.28, 4.97, 6.18, 3.19, 4.06, 4.26, 6.05, 5.13, 4.98, 6.09, 4.87, 5.51, 4.88, 3.58, 3.77, 1.84, 5.54, 6.6, 4.19, 6.29, 6.98, 7.97, 4.47, 3.33, 5.67, 6.97, 3.08, 5.73, 7.31, 5.08, 7.81, 69.05, 4.85, 0, 8.54, 5.92, 7.95, 7.61, 7.4, 4.82, 1.42, 7.55, 3.09, 6.85, 5.04, 7.57, 7.86, 6.62, 7.08, 3.27, 2.49, 7.89, 2.28, 5.05, 7.94, 5.24, 9.12, 5.42, 1.4, 9.82, 2.83, 9.69, 3.34, 9.64, 2.46, 7.61, 4.1, 10.31, 7.35, 2.97, 3.1, 7.59, 3.29, 7.34, 7.25, 3.02, 3.42, 4.9, 3.04, 6.84, 9.64, 2.95, 73.2, 3.79, 8.54, 0, 3.22, 7.12, 4.61, 2.49, 6.32, 8.16, 7.64, 8.57, 5.78, 4.29, 2.02, 2.45, 2.69, 9.19, 6.2, 6.13, 6.81, 8.43, 8.25, 1.16, 7.01, 2.09, 7.87, 8.7, 2.88, 9.44, 1.72, 9.18, 2.71, 7.37, 2.49, 4.48, 2.45, 9.09, 7.86, 9.62, 7.62, 11.73, 4.06, 2.47, 9.39, 10.73, 4.19, 8.67, 8.66, 2.09, 11.46, 71.73, 3.32, 5.92, 3.22, 0, 7.76, 5.68, 3.85, 5.62, 5.39, 4.97, 6.93, 6.2, 2.09, 2.68, 3.69, 3.26, 8.95, 3.09, 3.88, 7.5, 5.54, 5.06, 2.73, 6.44, 4.44, 4.72, 5.9, 5.14, 6.43, 4.45, 7.52, 5.48, 5.23, 2.36, 2.74, 4.84, 8.98, 6.25, 6.59, 4.97, 9.21, 2.89, 3.04, 7.58, 8.73, 2.04, 5.5, 5.68, 3.89, 8.69, 71.92, 5.52, 7.95, 7.12, 7.76, 0, 2.53, 4.65, 3.16, 8.2, 6.79, 5.46, 2.18, 8.06, 6.34, 5.36, 4.75, 2.79, 8.43, 6.21, 0.61, 8.79, 11.37, 6.8, 2.75, 6.21, 11.37, 8.59, 6.44, 9.9, 7.37, 5.76, 5.57, 6.19, 8.65, 6.69, 8.17, 2.5, 5.15, 10.11, 6.79, 9.69, 9.78, 5.5, 6.23, 7.52, 7.74, 10.27, 6.91, 8.6, 10.34, 72.45, 3.78, 7.61, 4.61, 5.68, 2.53, 0, 3, 3.18, 7.63, 10.61, 5.98, 2.01, 6.21, 3.88, 2.84, 2.45, 4.92, 7.09, 5.35, 3.07, 8.15, 9.96, 4.32, 3.42, 3.71, 9.84, 8.12, 4.01, 9.31, 4.85, 6.47, 3.22, 5.88, 6.31, 5.1, 5.66, 4.73, 5.42, 9.53, 10.61, 10.07, 7.58, 3.06, 6.86, 8.28, 5.91, 9.3, 11.07, 6.07, 10.39, 72.64, 2.68, 7.4, 2.49, 3.85, 4.65, 3, 0, 4.1, 7.21, 8.82, 6.66, 3.29, 4.61, 2.38, 1.48, 1.55, 6.74, 5.96, 4.92, 4.34, 7.63, 8.62, 3, 4.69, 2.76, 8.39, 7.75, 2.57, 8.76, 3, 7.23, 3.11, 5.89, 4.21, 3.92, 3.8, 6.62, 5.99, 8.96, 8.81, 10.32, 5.57, 1.77, 7.53, 8.94, 4.35, 8.39, 9.48, 3.99, 10.34, 70.89, 3.24, 4.82, 6.32, 5.62, 3.16, 3.18, 4.1, 0, 5.04, 9.85, 2.8, 2.89, 5.57, 5.31, 4.84, 3.65, 3.35, 5.48, 3.12, 3.07, 5.63, 8.39, 5.81, 1.57, 6.09, 8.46, 5.45, 6.62, 6.75, 7.07, 3.3, 6.06, 3.06, 6.96, 4.05, 7.86, 3.42, 3.14, 6.96, 9.86, 6.94, 7.7, 4.56, 3.68, 5.11, 5.26, 7.14, 9.86, 7.8, 7.38, 69.2, 4.58, 1.42, 8.16, 5.39, 8.2, 7.63, 7.21, 5.04, 0, 6.82, 3.66, 7, 4.45, 7.23, 7.61, 6.41, 7.56, 2.59, 3.23, 8.11, 1.15, 4.34, 7.56, 5.55, 8.84, 4.69, 1.05, 9.55, 2.37, 9.33, 3.97, 9.44, 2.83, 7.07, 3.68, 9.92, 7.8, 3.44, 2.67, 6.85, 3.88, 6.7, 6.98, 3.69, 4.15, 4.35, 3.33, 6.12, 9.18, 3.32, 70.76, 6.97, 7.55, 7.64, 4.97, 6.79, 10.61, 8.82, 9.85, 6.82, 0, 10.02, 10.93, 4.44, 7.47, 8.59, 8.23, 7.14, 4.63, 7.03, 6.66, 6.49, 2.87, 7.35, 10.64, 9.09, 3.2, 7.04, 9.71, 6.57, 8.71, 10.5, 10.25, 8.05, 5.16, 5.84, 8.75, 7.2, 9.51, 6.58, 0.13, 10.3, 3.6, 7.98, 10.34, 10.97, 4.75, 5, 2.18, 7.47, 9.17, 69.52, 4.9, 3.09, 8.57, 6.93, 5.46, 5.98, 6.66, 2.8, 3.66, 10.02, 0, 4.8, 6.43, 7.52, 7.33, 6.05, 4.05, 5.4, 3.16, 5.49, 4.23, 7.88, 7.99, 2.77, 8.63, 8.13, 3.82, 9.23, 5.1, 9.5, 1.17, 8.76, 2.73, 8.54, 4.98, 10.25, 4.35, 1.37, 5.29, 10.05, 4.24, 8.83, 6.91, 1.7, 3.21, 6.18, 6.06, 9.59, 9.95, 4.93, 71.83, 3.96, 6.85, 5.78, 6.2, 2.18, 2.01, 3.29, 2.89, 7, 10.93, 4.8, 0, 6.5, 4.91, 4.04, 3.26, 3.5, 6.96, 4.86, 1.84, 7.57, 9.9, 5.4, 2.9, 5.07, 9.87, 7.44, 5.43, 8.71, 6.18, 5.23, 4.67, 5.08, 7.14, 5.15, 7, 3.35, 4.32, 8.93, 10.94, 9, 8.22, 4.07, 5.65, 7.05, 6.18, 8.93, 11.2, 7.28, 9.47, 71.21, 2.54, 5.04, 4.29, 2.09, 8.06, 6.21, 4.61, 5.57, 4.45, 4.44, 6.43, 6.5, 0, 3.67, 4.57, 3.92, 8.92, 2.82, 3.28, 7.82, 4.54, 4.07, 3.78, 6.39, 5.44, 3.79, 4.94, 6.16, 5.39, 5.53, 7.01, 6.42, 4.6, 2.64, 2.15, 5.93, 8.99, 5.79, 5.54, 4.44, 8.32, 2.41, 3.89, 7.01, 8.04, 0.62, 4.42, 4.9, 4.96, 7.72, 72.75, 2.77, 7.57, 2.02, 2.68, 6.34, 3.88, 2.38, 5.31, 7.23, 7.47, 7.52, 4.91, 3.67, 0, 2.26, 2.37, 8.26, 5.43, 5.14, 6.03, 7.54, 7.72, 0.97, 6.01, 2.47, 7.4, 7.77, 2.5, 8.59, 2.93, 8.13, 2.81, 6.34, 2.57, 3.58, 2.77, 8.17, 6.82, 8.77, 7.46, 10.73, 4.03, 1.61, 8.34, 9.68, 3.5, 7.92, 8.33, 2.5, 10.52, 72.89, 3.03, 7.86, 2.45, 3.69, 5.36, 2.84, 1.48, 4.84, 7.61, 8.59, 7.33, 4.04, 4.57, 2.26, 0, 1.8, 7.5, 6.13, 5.37, 5.04, 8, 8.64, 2.12, 5.45, 1.81, 8.36, 8.16, 2.74, 9.1, 3.11, 7.92, 2.64, 6.43, 3.74, 4.14, 3.04, 7.38, 6.64, 9.3, 8.58, 10.87, 5.19, 1.33, 8.19, 9.59, 4.35, 8.6, 9.37, 3.24, 10.81, 72.27, 2.61, 6.62, 2.69, 3.26, 4.75, 2.45, 1.55, 3.65, 6.41, 8.23, 6.05, 3.26, 3.92, 2.37, 1.8, 0, 6.55, 5.18, 4.13, 4.46, 6.83, 7.87, 3.07, 4.32, 2.6, 7.67, 6.95, 3.26, 7.95, 3.46, 6.64, 3.03, 5.15, 3.9, 3.12, 4.24, 6.48, 5.36, 8.16, 8.22, 9.59, 5.13, 1.76, 6.9, 8.29, 3.64, 7.59, 8.81, 4.18, 9.56, 70.65, 6.57, 7.08, 9.19, 8.95, 2.79, 4.92, 6.74, 3.35, 7.56, 7.14, 4.05, 3.5, 8.92, 8.26, 7.5, 6.55, 0, 8.64, 6.19, 3.04, 8.15, 11.45, 8.76, 2.53, 8.57, 11.59, 7.8, 8.92, 9.12, 9.68, 4.07, 8.13, 5.57, 10.21, 7.38, 10.5, 0.72, 4.12, 9.31, 7.15, 7.91, 11.03, 7.44, 4.54, 5.54, 8.6, 9.9, 7.08, 10.7, 8.86, 70.22, 3.36, 3.27, 6.2, 3.09, 8.43, 7.09, 5.96, 5.48, 2.59, 4.63, 5.4, 6.96, 2.82, 5.43, 6.13, 5.18, 8.64, 0, 2.45, 8.25, 2.57, 2.95, 5.64, 6.22, 7.18, 2.98, 3.02, 7.91, 3.36, 7.43, 5.88, 8.03, 3.43, 4.66, 2.85, 7.89, 8.79, 4.88, 3.51, 4.66, 6.46, 4.13, 5.44, 5.76, 6.55, 2.83, 2.49, 4.4, 6.97, 5.74, 70.26, 3.31, 2.49, 6.13, 3.88, 6.21, 5.35, 4.92, 3.12, 3.23, 7.03, 3.16, 4.86, 3.28, 5.14, 5.37, 4.13, 6.19, 2.45, 0, 6.08, 2.81, 5.29, 5.52, 3.81, 6.64, 5.4, 2.84, 7.34, 3.97, 7.24, 3.72, 7.16, 1.88, 5.56, 2.65, 7.89, 6.36, 2.55, 4.19, 7.05, 5.6, 5.69, 4.77, 3.73, 4.85, 3.04, 4.07, 6.84, 7.32, 5.44, 72, 5.28, 7.89, 6.81, 7.5, 0.61, 3.07, 4.34, 3.07, 8.11, 6.66, 5.49, 1.84, 7.82, 6.03, 5.04, 4.46, 3.04, 8.25, 6.08, 0, 8.7, 11.2, 6.49, 2.74, 5.89, 11.17, 8.52, 6.12, 9.82, 7.04, 5.82, 5.26, 6.12, 8.36, 6.47, 7.85, 2.77, 5.15, 10.03, 6.66, 9.73, 9.5, 5.19, 6.28, 7.61, 7.5, 10.14, 6.8, 8.28, 10.34, 69.06, 4.97, 2.28, 8.43, 5.54, 8.79, 8.15, 7.63, 5.63, 1.15, 6.49, 4.23, 7.57, 4.54, 7.54, 8, 6.83, 8.15, 2.57, 2.81, 8.7, 0, 3.9, 7.84, 6.15, 9.19, 4.3, 1.07, 9.91, 2.23, 9.63, 4.51, 9.85, 2.64, 7.18, 3.96, 10.18, 8.4, 4.03, 1.91, 6.53, 3.95, 6.69, 7.34, 4.21, 4.54, 4.48, 2.57, 5.69, 9.39, 3.18, 69.65, 6.18, 5.05, 8.25, 5.06, 11.37, 9.96, 8.62, 8.39, 4.34, 2.87, 7.88, 9.9, 4.07, 7.72, 8.64, 7.87, 11.45, 2.95, 5.29, 11.2, 3.9, 0, 7.79, 9.11, 9.49, 1.16, 4.44, 10.2, 3.77, 9.47, 8.26, 10.5, 5.98, 6.09, 4.86, 9.74, 11.64, 7.49, 3.75, 2.92, 7.52, 4.84, 7.95, 8.02, 8.44, 4.28, 3.06, 2.49, 8.6, 6.33, 72.91, 3.19, 7.94, 1.16, 2.73, 6.8, 4.32, 3, 5.81, 7.56, 7.35, 7.99, 5.4, 3.78, 0.97, 2.12, 3.07, 8.76, 5.64, 5.52, 6.49, 7.84, 7.79, 0, 6.51, 2.43, 7.43, 8.1, 2.42, 8.86, 2.49, 8.6, 2.9, 6.76, 3.19, 3.89, 3.29, 8.67, 7.29, 9.05, 7.33, 11.12, 3.83, 1.85, 8.8, 10.14, 3.65, 8.12, 8.29, 2.77, 10.86, 70.81, 4.06, 5.24, 7.01, 6.44, 2.75, 3.42, 4.69, 1.57, 5.55, 10.64, 2.77, 2.9, 6.39, 6.01, 5.45, 4.32, 2.53, 6.22, 3.81, 2.74, 6.15, 9.11, 6.51, 0, 6.65, 9.19, 5.91, 7.14, 7.22, 7.68, 3.16, 6.5, 3.52, 7.76, 4.86, 8.49, 2.61, 2.4, 7.44, 10.66, 7.01, 8.52, 5.23, 3.6, 4.98, 6.07, 7.75, 10.62, 8.5, 7.6, 73.52, 4.26, 9.12, 2.09, 4.44, 6.21, 3.71, 2.76, 6.09, 8.84, 9.09, 8.63, 5.07, 5.44, 2.47, 1.81, 2.6, 8.57, 7.18, 6.64, 5.89, 9.19, 9.49, 2.43, 6.65, 0, 9.16, 9.38, 1.4, 10.27, 2.22, 9.21, 1.69, 7.73, 3.98, 5.27, 2.71, 8.41, 7.95, 10.46, 9.07, 6.61, 5.54, 2.59, 9.49, 10.89, 5.28, 9.67, 10.04, 2.59, 6.56, 69.93, 6.05, 5.42, 7.87, 4.72, 11.37, 9.84, 8.39, 8.46, 4.69, 3.2, 8.13, 9.87, 3.79, 7.4, 8.36, 7.67, 11.59, 2.98, 5.4, 11.17, 4.3, 