Instance
HEVTSP 2 20 3 TW 0

Customers
20

Service Time (same as Distance for all Modes: combustion, combustion+charging, electric, combustion+electric) (Depot, 1, ..., N, Depot)
0, 9, 8, 5, 3, 2, 7, 3, 1, 9, 2, 3, 4, 4, 3, 9, 8, 10, 3, 8, 7, 0

Initial Charging
0

Max Charging (in Watt/h)
16800

Charging Rate (in Watt/h)
12000

Discharging Rate (in Watt/h)
48000

Coordinates (Used for GUI, not necessarily related to Distances, Time, Costs)
0, 0, 24020, 24910, 20450, 23400, 24660, 20510, 21370, 20600, 20150, 23500, 24960, 22320, 21150, 22950, 20120, 20420, 22060, 24650, 21010, 20890, 21270, 24060, 22450, 23710, 20730, 21390, 24960, 23470, 20270, 21590, 20480, 20370, 22550, 20520, 24600, 24970, 23040, 23460, 23450, 22070

Distances (Depot-Depot, Depot-1, Depot-..., Depot-N, 1-Depot, 1-1, ..., M-N)
0, 34604, 31077, 32075, 29682, 30956, 33484, 31209, 28667, 33080, 29628, 32114, 32652, 29787, 34261, 29614, 28885, 30489, 35052, 32882, 32202, 34604, 0, 3876, 4446, 5060, 4119, 2755, 3475, 5947, 1977, 5022, 2878, 1976, 4818, 1720, 5008, 5757, 4630, 583, 1750, 2897, 31077, 3876, 0, 5106, 2947, 316, 4638, 832, 2998, 2038, 2572, 1053, 2024, 2029, 4511, 1819, 3030, 3564, 4437, 2591, 3282, 32075, 4446, 5106, 0, 3291, 5411, 1835, 4275, 4541, 4889, 3670, 4909, 3889, 4027, 2975, 4521, 4182, 2110, 4460, 3366, 1974, 29682, 5060, 2947, 3291, 0, 3146, 3981, 2360, 1263, 4108, 462, 3461, 3292, 1017, 4596, 1480, 919, 1183, 5434, 3312, 2547, 30956, 4119, 316, 5411, 3146, 0, 4953, 1141, 3080, 2229, 2748, 1252, 2310, 2188, 4810, 1914, 3147, 3826, 4687, 2890, 3597, 33484, 2755, 4638, 1835, 3981, 4953, 0, 3862, 5200, 3720, 4201, 4080, 2869, 4331, 1150, 4746, 4886, 3008, 2674, 2233, 1531, 31209, 3475, 832, 4275, 2360, 1141, 3862, 0, 2732, 1928, 2065, 1116, 1506, 1616, 3845, 1620, 2666, 2804, 3998, 1958, 2463, 28667, 5947, 2998, 4541, 1263, 3080, 5200, 2732, 0, 4654, 1006, 3817, 4032, 1146, 5721, 1180, 363, 2432, 6385, 4215, 3716, 33080, 1977, 2038, 4889, 4108, 2229, 3720, 1928, 4654, 0, 3904, 986, 1018, 3521, 3131, 3545, 4562, 4159, 2560, 1542, 2931, 29628, 5022, 2572, 3670, 462, 2748, 4201, 2065, 1006, 3904, 0, 3181, 3166, 573, 4718, 1019, 742, 1584, 5435, 3275, 2710, 32114, 2878, 1053, 4909, 3461, 1252, 4080, 1116, 3817, 986, 3181, 0, 1231, 2724, 3737, 2665, 3774, 3764, 3452, 1869, 2952, 32652, 1976, 2024, 3889, 3292, 2310, 2869, 1506, 4032, 1018, 3166, 1231, 0, 2888, 2521, 3041, 3878, 3192, 2492, 641, 1921, 29787, 4818, 2029, 4027, 1017, 2188, 4331, 1616, 1146, 3521, 573, 2724, 2888, 0, 4714, 502, 1050, 2017, 5272, 3102, 2804, 34261, 1720, 4511, 2975, 4596, 4810, 1150, 3845, 5721, 3131, 4718, 3737, 2521, 4714, 0, 5053, 5448, 3809, 1543, 1920, 2059, 29614, 5008, 1819, 4521, 1480, 1914, 4746, 1620, 1180, 3545, 1019, 2665, 3041, 502, 5053, 0, 1238, 2519, 5493, 3342, 3216, 28885, 5757, 3030, 4182, 919, 3147, 4886, 2666, 363, 4562, 742, 3774, 3878, 1050, 5448, 1238, 0, 2075, 6175, 4013, 3422, 30489, 4630, 3564, 2110, 1183, 3826, 3008, 2804, 2432, 4159, 1584, 3764, 3192, 2017, 3809, 2519, 2075, 0, 4899, 2981, 1792, 35052, 583, 4437, 4460, 5434, 4687, 2674, 3998, 6385, 2560, 5435, 3452, 2492, 5272, 1543, 5493, 6175, 4899, 0, 2171, 3120, 32882, 1750, 2591, 3366, 3312, 2890, 2233, 1958, 4215, 1542, 3275, 1869, 641, 3102, 1920, 3342, 4013, 2981, 2171, 0, 1449, 32202, 2897, 3282, 1974, 2547, 3597, 1531, 2463, 3716, 2931, 2710, 2952, 1921, 2804, 2059, 3216, 3422, 1792, 3120, 1449, 0

Time (same as Distance for all Modes: combustion, combustion+charging, electric, combustion+electric)
0, 39.17, 35.18, 36.31, 33.6, 35.04, 37.91, 35.33, 32.45, 37.45, 33.54, 36.36, 36.96, 33.72, 38.79, 33.53, 32.7, 34.52, 39.68, 37.22, 36.46, 39.17, 0, 9.3, 10.67, 10.12, 9.89, 6.61, 8.34, 11.89, 4.74, 10.04, 6.91, 4.74, 11.56, 4.13, 10.02, 11.51, 11.11, 1.94, 4.2, 6.95, 35.18, 9.3, 0, 10.21, 7.07, 1.46, 11.13, 2.77, 7.2, 4.89, 6.17, 2.53, 4.86, 4.87, 10.83, 4.37, 7.27, 8.55, 10.65, 6.22, 7.88, 36.31, 10.67, 10.21, 0, 7.9, 10.82, 4.4, 10.26, 10.9, 11.73, 8.81, 11.78, 9.33, 9.66, 7.14, 10.85, 10.04, 5.06, 10.7, 8.08, 4.74, 33.6, 10.12, 7.07, 7.9, 0, 7.55, 9.55, 5.66, 3.03, 9.86, 2.13, 8.31, 7.9, 2.44, 11.03, 3.55, 3.06, 2.84, 10.87, 7.95, 6.11, 35.04, 9.89, 1.46, 10.82, 7.55, 0, 11.89, 2.74, 7.39, 5.35, 6.6, 3, 5.54, 5.25, 11.54, 4.59, 7.55, 9.18, 11.25, 6.94, 8.63, 37.91, 6.61, 11.13, 4.4, 9.55, 11.89, 0, 9.27, 10.4, 8.93, 10.08, 9.79, 6.89, 10.39, 2.76, 11.39, 11.73, 7.22, 6.42, 5.36, 3.67, 35.33, 8.34, 2.77, 10.26, 5.66, 2.74, 9.27, 0, 6.56, 4.63, 4.96, 2.68, 3.61, 3.88, 9.23, 3.89, 6.4, 6.73, 9.6, 4.7, 5.91, 32.45, 11.89, 7.2, 10.9, 3.03, 7.39, 10.4, 6.56, 0, 11.17, 2.41, 9.16, 9.68, 2.75, 11.44, 2.83, 1.68, 5.84, 12.77, 10.12, 8.92, 37.45, 4.74, 4.89, 11.73, 9.86, 5.35, 8.93, 4.63, 11.17, 0, 9.37, 3.29, 2.44, 8.45, 7.51, 8.51, 10.95, 9.98, 6.14, 3.7, 7.03, 33.54, 10.04, 6.17, 8.81, 2.13, 6.6, 10.08, 4.96, 2.41, 9.37, 0, 7.63, 7.6, 1.91, 11.32, 2.45, 2.47, 3.8, 10.87, 7.86, 6.5, 36.36, 6.91, 2.53, 11.78, 8.31, 3, 9.79, 2.68, 9.16, 3.29, 7.63, 0, 2.95, 6.54, 8.97, 6.4, 9.06, 9.03, 8.28, 4.49, 7.08, 36.96, 4.74, 4.86, 9.33, 7.9, 5.54, 6.89, 3.61, 9.68, 2.44, 7.6, 2.95, 0, 6.93, 6.05, 7.3, 9.31, 7.66, 5.98, 2.14, 4.61, 33.72, 11.56, 4.87, 9.66, 2.44, 5.25, 10.39, 3.88, 2.75, 8.45, 1.91, 6.54, 6.93, 0, 11.31, 1.67, 2.52, 4.84, 10.54, 7.44, 6.73, 38.79, 4.13, 10.83, 7.14, 11.03, 11.54, 2.76, 9.23, 11.44, 7.51, 11.32, 8.97, 6.05, 11.31, 0, 10.11, 10.9, 9.14, 3.7, 4.61, 4.94, 33.53, 10.02, 4.37, 10.85, 3.55, 4.59, 11.39, 3.89, 2.83, 8.51, 2.45, 6.4, 7.3, 1.67, 10.11, 0, 2.97, 6.05, 10.99, 8.02, 7.72, 32.7, 11.51, 7.27, 10.04, 3.06, 7.55, 11.73, 6.4, 1.68, 10.95, 2.47, 9.06, 9.31, 2.52, 10.9, 2.97, 0, 4.98, 12.35, 9.63, 8.21, 34.52, 11.11, 8.55, 5.06, 2.84, 9.18, 7.22, 6.73, 5.84, 9.98, 3.8, 9.03, 7.66, 4.84, 9.14, 6.05, 4.98, 0, 11.76, 7.15, 4.3, 39.68, 1.94, 10.65, 10.7, 10.87, 11.25, 6.42, 9.6, 12.77, 6.14, 10.87, 8.28, 5.98, 10.54, 3.7, 10.99, 12.35, 11.76, 0, 5.21, 7.49, 37.22, 4.2, 6.22, 8.08, 7.95, 6.94, 5.36, 4.7, 10.12, 3.7, 7.86, 4.49, 2.14, 7.44, 4.61, 8.02, 9.63, 7.15, 5.21, 0, 3.48, 36.46, 6.95, 7.88, 4.74, 6.11, 8.63, 3.67, 5.91, 8.92, 7.03, 6.5, 7.08, 4.61, 6.73, 4.94, 7.72, 8.21, 4.3, 7.49, 3.48, 0, 0, 41.52, 37.29, 38.49, 35.62, 37.15, 40.18, 37.45, 34.4, 39.7, 35.55, 38.54, 39.18, 35.74, 41.11, 35.54, 34.66, 36.59, 42.06, 39.46, 38.64, 41.52, 0, 10.11, 11.6, 11.24, 10.75, 7.19, 9.07, 13.22, 5.16, 11.16, 7.51, 5.15, 12.57, 4.49, 11.13, 12.79, 12.08, 2.06, 4.57, 7.56, 37.29, 10.11, 0, 11.35, 7.69, 1.58, 12.1, 2.94, 7.82, 5.32, 6.71, 2.75, 5.28, 5.29, 11.77, 4.75, 7.9, 9.3, 11.57, 6.76, 8.56, 38.49, 11.6, 11.35, 0, 8.59, 12.02, 4.79, 11.15, 11.85, 12.75, 9.57, 12.81, 10.15, 10.51, 7.76, 11.79, 10.91, 5.5, 11.63, 8.78, 5.15, 35.62, 11.24, 7.69, 8.59, 0, 8.21, 10.39, 6.16, 3.29, 10.72, 2.31, 9.03, 8.59, 2.65, 11.99, 3.86, 3.24, 3.09, 12.08, 8.64, 6.64, 37.15, 10.75, 1.58, 12.02, 8.21, 0, 12.92, 2.98, 8.03, 5.81, 7.17, 3.27, 6.03, 5.71, 12.55, 4.99, 8.21, 9.98, 12.23, 7.54, 9.38, 40.18, 7.19, 12.1, 4.79, 10.39, 12.92, 0, 10.07, 11.56, 9.7, 10.96, 10.64, 7.48, 11.3, 3, 12.38, 12.75, 7.85, 6.98, 5.83, 3.99, 37.45, 9.07, 2.94, 11.15, 6.16, 2.98, 10.07, 0, 7.13, 5.03, 5.39, 2.91, 3.93, 4.22, 10.03, 4.23, 6.95, 7.31, 10.43, 5.11, 6.43, 34.4, 13.22, 7.82, 11.85, 3.29, 8.03, 11.56, 7.13, 0, 12.14, 2.62, 9.96, 10.52, 2.99, 12.71, 3.08, 1.82, 6.34, 14.19, 11, 9.69, 39.7, 5.16, 5.32, 12.75, 10.72, 5.81, 9.7, 5.03, 12.14, 0, 10.18, 3.48, 2.66, 9.19, 8.17, 9.25, 11.9, 10.85, 6.68, 4.02, 7.65, 35.55, 11.16, 6.71, 9.57, 2.31, 7.17, 10.96, 5.39, 2.62, 10.18, 0, 8.3, 8.26, 2.02, 12.31, 2.66, 2.62, 4.13, 12.08, 8.54, 7.07, 38.54, 7.51, 2.75, 12.81, 9.03, 3.27, 10.64, 2.91, 9.96, 3.48, 8.3, 0, 3.21, 7.11, 9.75, 6.95, 9.85, 9.82, 9.01, 4.88, 7.7, 39.18, 5.15, 5.28, 10.15, 8.59, 6.03, 7.48, 3.93, 10.52, 2.66, 8.26, 3.21, 0, 7.53, 6.58, 7.93, 10.12, 8.33, 6.5, 2.26, 5.01, 35.74, 12.57, 5.29, 10.51, 2.65, 5.71, 11.3, 4.22, 2.99, 9.19, 2.02, 7.11, 7.53, 0, 12.3, 1.77, 2.74, 5.26, 11.72, 8.09, 7.31, 41.11, 4.49, 11.77, 7.76, 11.99, 12.55, 3, 10.03, 12.71, 8.17, 12.31, 9.75, 6.58, 12.3, 0, 11.23, 12.11, 9.94, 4.03, 5.01, 5.37, 35.54, 11.13, 4.75, 11.79, 3.86, 4.99, 12.38, 4.23, 3.08, 9.25, 2.66, 6.95, 7.93, 1.77, 11.23, 0, 3.23, 6.57, 12.21, 8.72, 8.39, 34.66, 12.79, 7.9, 10.91, 3.24, 8.21, 12.75, 6.95, 1.82, 11.9, 2.62, 9.85, 10.12, 2.74, 12.11, 3.23, 0, 5.41, 13.72, 10.47, 8.93, 36.59, 12.08, 9.3, 5.5, 3.09, 9.98, 7.85, 7.31, 6.34, 10.85, 4.13, 9.82, 8.33, 5.26, 9.94, 6.57, 5.41, 0, 12.78, 7.78, 4.67, 42.06, 2.06, 11.57, 11.63, 12.08, 12.23, 6.98, 10.43, 14.19, 6.68, 12.08, 9.01, 6.5, 11.72, 4.03, 12.21, 13.72, 12.78, 0, 5.66, 8.14, 39.46, 4.57, 6.76, 8.78, 8.64, 7.54, 5.83, 5.11, 11, 4.02, 8.54, 4.88, 2.26, 8.09, 5.01, 8.72, 10.47, 7.78, 5.66, 0, 3.78, 38.64, 7.56, 8.56, 5.15, 6.64, 9.38, 3.99, 6.43, 9.69, 7.65, 7.07, 7.7, 5.01, 7.31, 5.37, 8.39, 8.93, 4.67, 8.14, 3.78, 0, 0, 44.18, 39.67, 40.95, 37.89, 39.52, 42.75, 39.84, 36.6, 42.23, 37.82, 41, 41.68, 38.03, 43.74, 37.81, 36.87, 38.92, 44.75, 41.98, 41.11, 44.18, 0, 11.07, 12.7, 12.65, 11.77, 7.87, 9.93, 14.87, 5.65, 12.56, 8.22, 5.65, 13.77, 4.91, 12.52, 14.39, 13.23, 2.19, 5, 8.28, 39.67, 11.07, 0, 12.77, 8.42, 1.72, 13.25, 3.12, 8.57, 5.82, 7.35, 3.01, 5.78, 5.8, 12.89, 5.2, 8.66, 10.18, 12.68, 7.4, 9.38, 40.95, 12.7, 12.77, 0, 9.4, 13.53, 5.24, 12.21, 12.97, 13.97, 10.49, 14.03, 11.11, 11.51, 8.5, 12.92, 11.95, 6.03, 12.74, 9.62, 5.64, 37.89, 12.65, 8.42, 9.4, 0, 8.99, 11.37, 6.74, 3.61, 11.74, 2.52, 9.89, 9.41, 2.91, 13.13, 4.23, 3.45, 3.38, 13.59, 9.46, 7.28, 39.52, 11.77, 1.72, 13.53, 8.99, 0, 14.15, 3.26, 8.8, 6.37, 7.85, 3.58, 6.6, 6.25, 13.74, 5.47, 8.99, 10.93, 13.39, 8.26, 10.28, 42.75, 7.87, 13.25, 5.24, 11.37, 14.15, 0, 11.03, 13, 10.63, 12, 11.66, 8.2, 12.37, 3.29, 13.56, 13.96, 8.59, 7.64, 6.38, 4.37, 39.84, 9.93, 3.12, 12.21, 6.74, 3.26, 11.03, 0, 7.81, 5.51, 5.9, 3.19, 4.3, 4.62, 10.99, 4.63, 7.62, 8.01, 11.42, 5.59, 7.04, 36.6, 14.87, 8.57, 12.97, 3.61, 8.8, 13, 7.81, 0, 13.3, 2.87, 10.91, 11.52, 3.27, 14.3, 3.37, 1.98, 6.95, 15.96, 12.04, 10.62, 42.23, 5.65, 5.82, 13.97, 11.74, 6.37, 10.63, 5.51, 13.3, 0, 11.15, 3.7, 2.91, 10.06, 8.95, 10.13, 13.03, 11.88, 7.31, 4.41, 8.37, 37.82, 12.56, 7.35, 10.49, 2.52, 7.85, 12, 5.9, 2.87, 11.15, 0, 9.09, 9.05, 2.15, 13.48, 2.91, 2.78, 4.53, 13.59, 9.36, 7.74, 41, 8.22, 3.01, 14.03, 9.89, 3.58, 11.66, 3.19, 10.91, 3.7, 9.09, 0, 3.52, 7.78, 10.68, 7.61, 10.78, 10.75, 9.86, 5.34, 8.43, 41.68, 5.65, 5.78, 11.11, 9.41, 6.6, 8.2, 4.3, 11.52, 2.91, 9.05, 3.52, 0, 8.25, 7.2, 8.69, 11.08, 9.12, 7.12, 2.4, 5.49, 38.03, 13.77, 5.8, 11.51, 2.91, 6.25, 12.37, 4.62, 3.27, 10.06, 2.15, 7.78, 8.25, 0, 13.47, 1.88, 3, 5.76, 13.18, 8.86, 8.01, 43.74, 4.91, 12.89, 8.5, 13.13, 13.74, 3.29, 10.99, 14.3, 8.95, 13.48, 10.68, 7.2, 13.47, 0, 12.63, 13.62, 10.88, 4.41, 5.49, 5.88, 37.81, 12.52, 5.2, 12.92, 4.23, 5.47, 13.56, 4.63, 3.37, 10.13, 2.91, 7.61, 8.69, 1.88, 12.63, 0, 3.54, 7.2, 13.73, 9.55, 9.19, 36.87, 14.39, 8.66, 11.95, 3.45, 8.99, 13.96, 7.62, 1.98, 13.03, 2.78, 10.78, 11.08, 3, 13.62, 3.54, 0, 5.93, 15.44, 11.47, 9.78, 38.92, 13.23, 10.18, 6.03, 3.38, 10.93, 8.59, 8.01, 6.95, 11.88, 4.53, 10.75, 9.12, 5.76, 10.88, 7.2, 5.93, 0, 14, 8.52, 5.12, 44.75, 2.19, 12.68, 12.74, 13.59, 13.39, 7.64, 11.42, 15.96, 7.31, 13.59, 9.86, 7.12, 13.18, 4.41, 13.73, 15.44, 14, 0, 6.2, 8.91, 41.98, 5, 7.4, 9.62, 9.46, 8.26, 6.38, 5.59, 12.04, 4.41, 9.36, 5.34, 2.4, 8.86, 5.49, 9.55, 11.47, 8.52, 6.2, 0, 4.14, 41.11, 8.28, 9.38, 5.64, 7.28, 10.28, 4.37, 7.04, 10.62, 8.37, 7.74, 8.43, 5.49, 8.01, 5.88, 9.19, 9.78, 5.12, 8.91, 4.14, 0, 0, 37.08, 33.3, 34.37, 31.8, 33.17, 35.88, 33.44, 30.71, 35.44, 31.74, 34.41, 34.98, 31.91, 36.71, 31.73, 30.95, 32.67, 37.56, 35.23, 34.5, 37.08, 0, 8.61, 9.88, 9.2, 9.15, 6.12, 7.72, 10.81, 4.39, 9.13, 6.4, 4.39, 10.71, 3.82, 9.11, 10.47, 10.29, 1.84, 3.89, 6.44, 33.3, 8.61, 0, 9.28, 6.55, 1.35, 10.31, 2.63, 6.66, 4.53, 5.72, 2.34, 4.5, 4.51, 10.02, 4.04, 6.73, 7.92, 9.86, 5.76, 7.29, 34.37, 9.88, 9.28, 0, 7.31, 9.84, 4.08, 9.5, 10.09, 10.86, 8.16, 10.91, 8.64, 8.95, 6.61, 10.05, 9.29, 4.69, 9.91, 7.48, 4.39, 31.8, 9.2, 6.55, 7.31, 0, 6.99, 8.85, 5.24, 2.81, 9.13, 1.98, 7.69, 7.32, 2.26, 10.21, 3.29, 2.9, 2.63, 9.88, 7.36, 5.66, 33.17, 9.15, 1.35, 9.84, 6.99, 0, 11.01, 2.54, 6.84, 4.95, 6.11, 2.78, 5.13, 4.86, 10.69, 4.25, 6.99, 8.5, 10.42, 6.42, 7.99, 35.88, 6.12, 10.31, 4.08, 8.85, 11.01, 0, 8.58, 9.45, 8.27, 9.34, 9.07, 6.38, 9.62, 2.56, 10.55, 10.86, 6.68, 5.94, 4.96, 3.4, 33.44, 7.72, 2.63, 9.5, 5.24, 2.54, 8.58, 0, 6.07, 4.28, 4.59, 2.48, 3.35, 3.59, 8.54, 3.6, 5.92, 6.23, 8.88, 4.35, 5.47, 30.71, 10.81, 6.66, 10.09, 2.81, 6.84, 9.45, 6.07, 0, 10.34, 2.24, 8.48, 8.96, 2.55, 10.4, 2.62, 1.56, 5.4, 11.61, 9.37, 8.26, 35.44, 4.39, 4.53, 10.86, 9.13, 4.95, 8.27, 4.28, 10.34, 0, 8.68, 3.11, 2.26, 7.82, 6.96, 7.88, 10.14, 9.24, 5.69, 3.43, 6.51, 31.74, 9.13, 5.72, 8.16, 1.98, 6.11, 9.34, 4.59, 2.24, 8.68, 0, 7.07, 7.04, 1.81, 10.48, 2.26, 2.34, 3.52, 9.88, 7.28, 6.02, 34.41, 6.4, 2.34, 10.91, 7.69, 2.78, 9.07, 2.48, 8.48, 3.11, 7.07, 0, 2.74, 6.05, 8.3, 5.92, 8.39, 8.36, 7.67, 4.15, 6.56, 34.98, 4.39, 4.5, 8.64, 7.32, 5.13, 6.38, 3.35, 8.96, 2.26, 7.04, 2.74, 0, 6.42, 5.6, 6.76, 8.62, 7.09, 5.54, 2.02, 4.27, 31.91, 10.71, 4.51, 8.95, 2.26, 4.86, 9.62, 3.59, 2.55, 7.82, 1.81, 6.05, 6.42, 0, 10.48, 1.59, 2.33, 4.48, 9.59, 6.89, 6.23, 36.71, 3.82, 10.02, 6.61, 10.21, 10.69, 2.56, 8.54, 10.4, 6.96, 10.48, 8.3, 5.6, 10.48, 0, 9.19, 9.91, 8.46, 3.43, 4.27, 4.58, 31.73, 9.11, 4.04, 10.05, 3.29, 4.25, 10.55, 3.6, 2.62, 7.88, 2.26, 5.92, 6.76, 1.59, 9.19, 0, 2.75, 5.6, 9.99, 7.43, 7.15, 30.95, 10.47, 6.73, 9.29, 2.9, 6.99, 10.86, 5.92, 1.56, 10.14, 2.34, 8.39, 8.62, 2.33, 9.91, 2.75, 0, 4.61, 11.23, 8.92, 7.6, 32.67, 10.29, 7.92, 4.69, 2.63, 8.5, 6.68, 6.23, 5.4, 9.24, 3.52, 8.36, 7.09, 4.48, 8.46, 5.6, 4.61, 0, 10.89, 6.62, 3.98, 37.56, 1.84, 9.86, 9.91, 9.88, 10.42, 5.94, 8.88, 11.61, 5.69, 9.88, 7.67, 5.54, 9.59, 3.43, 9.99, 11.23, 10.89, 0, 4.82, 6.93, 35.23, 3.89, 5.76, 7.48, 7.36, 6.42, 4.96, 4.35, 9.37, 3.43, 7.28, 4.15, 2.02, 6.89, 4.27, 7.43, 8.92, 6.62, 4.82, 0, 3.22, 34.5, 6.44, 7.29, 4.39, 5.66, 7.99, 3.4, 5.47, 8.26, 6.51, 6.02, 6.56, 4.27, 6.23, 4.58, 7.15, 7.6, 3.98, 6.93, 3.22, 0

Costs (same as Distance for all Modes: combustion, combustion+charging, electric, combustion+electric)
0, 3460.45, 3107.67, 3207.45, 2968.23, 3095.6, 3348.41, 3120.94, 2866.69, 3307.97, 2962.79, 3211.38, 3265.22, 2978.7, 3426.14, 2961.42, 2888.54, 3048.89, 3505.23, 3288.18, 3220.23, 3460.45, 0, 387.62, 444.63, 505.95, 411.89, 275.53, 347.54, 594.73, 197.72, 502.2, 287.84, 197.61, 481.81, 171.97, 500.85, 575.7, 462.96, 58.31, 175.01, 289.66, 3107.67, 387.62, 0, 510.65, 294.73, 31.62, 463.75, 83.22, 299.82, 203.83, 257.17, 105.26, 202.39, 202.94, 451.05, 181.89, 303.01, 356.43, 443.7, 259.07, 328.16, 3207.45, 444.63, 510.65, 0, 329.12, 541.11, 183.47, 427.48, 454.09, 488.87, 366.97, 490.86, 388.9, 402.73, 297.52, 452.09, 418.23, 211, 446.04, 336.55, 197.43, 2968.23, 505.95, 294.73, 329.12, 0, 314.62, 398.08, 236.03, 126.29, 410.84, 46.23, 346.14, 329.22, 101.67, 459.62, 147.99, 91.92, 118.27, 543.41, 331.19, 254.7, 3095.6, 411.89, 31.62, 541.11, 314.62, 0, 495.26, 114.13, 308.01, 222.95, 274.8, 125.22, 230.96, 218.83, 481.01, 191.38, 314.73, 382.63, 468.65, 289.03, 359.65, 3348.41, 275.53, 463.75, 183.47, 398.08, 495.26, 0, 386.17, 519.96, 372.01, 420.09, 407.97, 286.92, 433.1, 115, 474.65, 488.6, 300.8, 267.43, 223.29, 153.06, 3120.94, 347.54, 83.22, 427.48, 236.03, 114.13, 386.17, 0, 273.16, 192.82, 206.48, 111.65, 150.59, 161.55, 384.53, 161.99, 266.56, 280.44, 399.79, 195.76, 246.26, 2866.69, 594.73, 299.82, 454.09, 126.29, 308.01, 519.96, 273.16, 0, 465.37, 100.65, 381.73, 403.15, 114.59, 572.08, 117.96, 36.35, 243.21, 638.54, 421.52, 371.64, 3307.97, 197.72, 203.83, 488.87, 410.84, 222.95, 372.01, 192.82, 465.37, 0, 390.39, 98.6, 101.77, 352.09, 313.09, 354.51, 456.23, 415.9, 256.01, 154.16, 293.06, 2962.79, 502.2, 257.17, 366.97, 46.23, 274.8, 420.09, 206.48, 100.65, 390.39, 0, 318.06, 316.64, 57.31, 471.79, 101.86, 74.25, 158.38, 543.46, 327.5, 271.04, 3211.38, 287.84, 105.26, 490.86, 346.14, 125.22, 407.97, 111.65, 381.73, 98.6, 318.06, 0, 123.08, 272.41, 373.69, 266.48, 377.36, 376.43, 345.21, 186.89, 295.17, 3265.22, 197.61, 202.39, 388.9, 329.22, 230.96, 286.92, 150.59, 403.15, 101.77, 316.64, 123.08, 0, 288.8, 252.14, 304.09, 387.77, 319.16, 249.2, 64.08, 192.08, 2978.7, 481.81, 202.94, 402.73, 101.67, 218.83, 433.1, 161.55, 114.59, 352.09, 57.31, 272.41, 288.8, 0, 471.37, 50.16, 105.02, 201.73, 527.19, 310.18, 280.37, 3426.14, 171.97, 451.05, 297.52, 459.62, 481.01, 115, 384.53, 572.08, 313.09, 471.79, 373.69, 252.14, 471.37, 0, 505.28, 544.8, 380.93, 154.26, 192, 205.92, 2961.42, 500.85, 181.89, 452.09, 147.99, 191.38, 474.65, 161.99, 117.96, 354.51, 101.86, 266.48, 304.09, 50.16, 505.28, 0, 123.79, 251.86, 549.3, 334.21, 321.6, 2888.54, 575.7, 303.01, 418.23, 91.92, 314.73, 488.6, 266.56, 36.35, 456.23, 74.25, 377.36, 387.77, 105.02, 544.8, 123.79, 0, 207.54, 617.53, 401.27, 342.21, 3048.89, 462.96, 356.43, 211, 118.27, 382.63, 300.8, 280.44, 243.21, 415.9, 158.38, 376.43, 319.16, 201.73, 380.93, 251.86, 207.54, 0, 489.95, 298.06, 179.23, 3505.23, 58.31, 443.7, 446.04, 543.41, 468.65, 267.43, 399.79, 638.54, 256.01, 543.46, 345.21, 249.2, 527.19, 154.26, 549.3, 617.53, 489.95, 0, 217.11, 311.97, 3288.18, 175.01, 259.07, 336.55, 331.19, 289.03, 223.29, 195.76, 421.52, 154.16, 327.5, 186.89, 64.08, 310.18, 192, 334.21, 401.27, 298.06, 217.11, 0, 144.92, 3220.23, 289.66, 328.16, 197.43, 254.7, 359.65, 153.06, 246.26, 371.64, 293.06, 271.04, 295.17, 192.08, 280.37, 205.92, 321.6, 342.21, 179.23, 311.97, 144.92, 0, 0, 3806.44, 3418.47, 3528.25, 3265.02, 3405.16, 3683.24, 3432.99, 3153.37, 3638.8, 3259.08, 3532.54, 3591.72, 3276.57, 3768.71, 3257.54, 3177.35, 3353.79, 3855.72, 3617.02, 3542.22, 3806.44, 0, 426.36, 489.06, 556.6, 453.09, 303.05, 382.25, 654.17, 217.47, 552.42, 316.58, 217.36, 529.98, 189.2, 550.88, 633.27, 509.3, 64.13, 192.5, 318.67, 3418.47, 426.36, 0, 561.66, 324.17, 34.76, 510.18, 91.52, 329.78, 224.18, 282.92, 115.83, 222.64, 223.19, 496.21, 200.09, 333.3, 392.04, 488.07, 285.01, 361.02, 3528.25, 489.06, 561.66, 0, 362.01, 595.21, 201.85, 470.25, 499.51, 537.79, 403.7, 539.99, 427.79, 442.97, 327.25, 497.31, 460.02, 232.1, 490.6, 370.26, 217.14, 3265.02, 556.6, 324.17, 362.01, 0, 346.06, 437.91, 259.6, 138.93, 451.88, 50.82, 380.71, 362.12, 111.87, 505.56, 162.8, 101.09, 130.13, 597.74, 364.32, 280.17, 3405.16, 453.09, 34.76, 595.21, 346.06, 0, 544.83, 125.51, 338.8, 245.19, 302.28, 137.72, 254.1, 240.68, 529.1, 210.54, 346.17, 420.86, 515.57, 317.9, 395.67, 3683.24, 303.05, 510.18, 201.85, 437.91, 544.83, 0, 424.82, 572, 409.2, 462.11, 448.8, 315.59, 476.41, 126.5, 522.06, 537.46, 330.88, 294.14, 245.63, 168.41, 3432.99, 382.25, 91.52, 470.25, 259.6, 125.51, 424.82, 0, 300.52, 212.08, 227.15, 122.76, 165.66, 177.76, 422.95, 178.2, 293.26, 308.44, 439.78, 215.38, 270.93, 3153.37, 654.17, 329.78, 499.51, 138.93, 338.8, 572, 300.52, 0, 511.94, 110.66, 419.87, 443.52, 126.06, 629.31, 129.8, 39.93, 267.52, 702.35, 463.65, 408.76, 3638.8, 217.47, 224.18, 537.79, 451.88, 245.19, 409.2, 212.08, 511.94, 0, 429.44, 108.46, 111.98, 387.31, 344.41, 389.95, 501.82, 457.49, 281.6, 169.62, 322.41, 3259.08, 552.42, 282.92, 403.7, 50.82, 302.28, 462.11, 227.15, 110.66, 429.44, 0, 349.91, 348.26, 63.03, 518.98, 112.09, 81.62, 174.24, 597.85, 360.25, 298.1, 3532.54, 316.58, 115.83, 539.99, 380.71, 137.72, 448.8, 122.76, 419.87, 108.46, 349.91, 0, 135.41, 299.64, 411.07, 293.15, 415.14, 414.04, 379.72, 205.59, 324.72, 3591.72, 217.36, 222.64, 427.79, 362.12, 254.1, 315.59, 165.66, 443.52, 111.98, 348.26, 135.41, 0, 317.68, 277.31, 334.51, 426.58, 351.12, 274.12, 70.51, 211.31, 3276.57, 529.98, 223.19, 442.97, 111.87, 240.68, 476.41, 177.76, 126.06, 387.31, 63.03, 299.64, 317.68, 0, 518.54, 55.22, 115.5, 221.87, 579.92, 341.22, 308.44, 3768.71, 189.2, 496.21, 327.25, 505.56, 529.1, 126.5, 422.95, 629.31, 344.41, 518.98, 411.07, 277.31, 518.54, 0, 555.83, 599.28, 418.99, 169.73, 211.2, 226.49, 3257.54, 550.88, 200.09, 497.31, 162.8, 210.54, 522.06, 178.2, 129.8, 389.95, 112.09, 293.15, 334.51, 55.22, 555.83, 0, 136.18, 277.09, 604.23, 367.62, 353.76, 3177.35, 633.27, 333.3, 460.02, 101.09, 346.17, 537.46, 293.26, 39.93, 501.82, 81.62, 415.14, 426.58, 115.5, 599.28, 136.18, 0, 228.25, 679.25, 441.43, 376.42, 3353.79, 509.3, 392.04, 232.1, 130.13, 420.86, 330.88, 308.44, 267.52, 457.49, 174.24, 414.04, 351.12, 221.87, 418.99, 277.09, 228.25, 0, 538.89, 327.91, 197.12, 3855.72, 64.13, 488.07, 490.6, 597.74, 515.57, 294.14, 439.78, 702.35, 281.6, 597.85, 379.72, 274.12, 579.92, 169.73, 604.23, 679.25, 538.89, 0, 238.81, 343.2, 3617.02, 192.5, 285.01, 370.26, 364.32, 317.9, 245.63, 215.38, 463.65, 169.62, 360.25, 205.59, 70.51, 341.22, 211.2, 367.62, 441.43, 327.91, 238.81, 0, 159.39, 3542.22, 318.67, 361.02, 217.14, 280.17, 395.67, 168.41, 270.93, 408.76, 322.41, 298.1, 324.72, 211.31, 308.44, 226.49, 353.76, 376.42, 197.12, 343.2, 159.39, 0, 0, 692.08, 621.54, 641.5, 593.64, 619.12, 669.68, 624.18, 573.34, 661.6, 592.56, 642.28, 653.04, 595.74, 685.22, 592.28, 577.7, 609.78, 701.04, 657.64, 644.04, 692.08, 0, 77.52, 88.92, 101.2, 82.38, 55.1, 69.5, 118.94, 39.54, 100.44, 57.56, 39.52, 96.36, 34.4, 100.16, 115.14, 92.6, 11.66, 35, 57.94, 621.54, 77.52, 0, 102.12, 58.94, 6.32, 92.76, 16.64, 59.96, 40.76, 51.44, 21.06, 40.48, 40.58, 90.22, 36.38, 60.6, 71.28, 88.74, 51.82, 65.64, 641.5, 88.92, 102.12, 0, 65.82, 108.22, 36.7, 85.5, 90.82, 97.78, 73.4, 98.18, 77.78, 80.54, 59.5, 90.42, 83.64, 42.2, 89.2, 67.32, 39.48, 593.64, 101.2, 58.94, 65.82, 0, 62.92, 79.62, 47.2, 25.26, 82.16, 9.24, 69.22, 65.84, 20.34, 91.92, 29.6, 18.38, 23.66, 108.68, 66.24, 50.94, 619.12, 82.38, 6.32, 108.22, 62.92, 0, 99.06, 22.82, 61.6, 44.58, 54.96, 25.04, 46.2, 43.76, 96.2, 38.28, 62.94, 76.52, 93.74, 57.8, 71.94, 669.68, 55.1, 92.76, 36.7, 79.62, 99.06, 0, 77.24, 104, 74.4, 84.02, 81.6, 57.38, 86.62, 23, 94.92, 97.72, 60.16, 53.48, 44.66, 30.62, 624.18, 69.5, 16.64, 85.5, 47.2, 22.82, 77.24, 0, 54.64, 38.56, 41.3, 22.32, 30.12, 32.32, 76.9, 32.4, 53.32, 56.08, 79.96, 39.16, 49.26, 573.34, 118.94, 59.96, 90.82, 25.26, 61.6, 104, 54.64, 0, 93.08, 20.12, 76.34, 80.64, 22.92, 114.42, 23.6, 7.26, 48.64, 127.7, 84.3, 74.32, 661.6, 39.54, 40.76, 97.78, 82.16, 44.58, 74.4, 38.56, 93.08, 0, 78.08, 19.72, 20.36, 70.42, 62.62, 70.9, 91.24, 83.18, 51.2, 30.84, 58.62, 592.56, 100.44, 51.44, 73.4, 9.24, 54.96, 84.02, 41.3, 20.12, 78.08, 0, 63.62, 63.32, 11.46, 94.36, 20.38, 14.84, 31.68, 108.7, 65.5, 54.2, 642.28, 57.56, 21.06, 98.18, 69.22, 25.04, 81.6, 22.32, 76.34, 19.72, 63.62, 0, 24.62, 54.48, 74.74, 53.3, 75.48, 75.28, 69.04, 37.38, 59.04, 653.04, 39.52, 40.48, 77.78, 65.84, 46.2, 57.38, 30.12, 80.64, 20.36, 63.32, 24.62, 0, 57.76, 50.42, 60.82, 77.56, 63.84, 49.84, 12.82, 38.42, 595.74, 96.36, 40.58, 80.54, 20.34, 43.76, 86.62, 32.32, 22.92, 70.42, 11.46, 54.48, 57.76, 0, 94.28, 10.04, 21, 40.34, 105.44, 62.04, 56.08, 685.22, 34.4, 90.22, 59.5, 91.92, 96.2, 23, 76.9, 114.42, 62.62, 94.36, 74.74, 50.42, 94.28, 0, 101.06, 108.96, 76.18, 30.86, 38.4, 41.18, 592.28, 100.16, 36.38, 90.42, 29.6, 38.28, 94.92, 32.4, 23.6, 70.9, 20.38, 53.3, 60.82, 10.04, 101.06, 0, 24.76, 50.38, 109.86, 66.84, 64.32, 577.7, 115.14, 60.6, 83.64, 18.38, 62.94, 97.72, 53.32, 7.26, 91.24, 14.84, 75.48, 77.56, 21, 108.96, 24.76, 0, 41.5, 123.5, 80.26, 68.44, 609.78, 92.6, 71.28, 42.2, 23.66, 76.52, 60.16, 56.08, 48.64, 83.18, 31.68, 75.28, 63.84, 40.34, 76.18, 50.38, 41.5, 0, 97.98, 59.62, 35.84, 701.04, 11.66, 88.74, 89.2, 108.68, 93.74, 53.48, 79.96, 127.7, 51.2, 108.7, 69.04, 49.84, 105.44, 30.86, 109.86, 123.5, 97.98, 0, 43.42, 62.4, 657.64, 35, 51.82, 67.32, 66.24, 57.8, 44.66, 39.16, 84.3, 30.84, 65.5, 37.38, 12.82, 62.04, 38.4, 66.84, 80.26, 59.62, 43.42, 0, 28.98, 644.04, 57.94, 65.64, 39.48, 50.94, 71.94, 30.62, 49.26, 74.32, 58.62, 54.2, 59.04, 38.42, 56.08, 41.18, 64.32, 68.44, 35.84, 62.4, 28.98, 0, 0, 4152.48, 3729.24, 3849, 3561.84, 3714.72, 4018.08, 3745.08, 3440.04, 3969.6, 3555.36, 3853.68, 3918.24, 3574.44, 4111.32, 3553.68, 3466.2, 3658.68, 4206.24, 3945.84, 3864.24, 4152.48, 0, 465.12, 533.52, 607.2, 494.28, 330.6, 417, 713.64, 237.24, 602.64, 345.36, 237.12, 578.16, 206.4, 600.96, 690.84, 555.6, 69.96, 210, 347.64, 3729.24, 465.12, 0, 612.72, 353.64, 37.92, 556.56, 99.84, 359.76, 244.56, 308.64, 126.36, 242.88, 243.48, 541.32, 218.28, 363.6, 427.68, 532.44, 310.92, 393.84, 3849, 533.52, 612.72, 0, 394.92, 649.32, 220.2, 513, 544.92, 586.68, 440.4, 589.08, 466.68, 483.24, 357, 542.52, 501.84, 253.2, 535.2, 403.92, 236.88, 3561.84, 607.2, 353.64, 394.92, 0, 377.52, 477.72, 283.2, 151.56, 492.96, 55.44, 415.32, 395.04, 122.04, 551.52, 177.6, 110.28, 141.96, 652.08, 397.44, 305.64, 3714.72, 494.28, 37.92, 649.32, 377.52, 0, 594.36, 136.92, 369.6, 267.48, 329.76, 150.24, 277.2, 262.56, 577.2, 229.68, 377.64, 459.12, 562.44, 346.8, 431.64, 4018.08, 330.6, 556.56, 220.2, 477.72, 594.36, 0, 463.44, 624, 446.4, 504.12, 489.6, 344.28, 519.72, 138, 569.52, 586.32, 360.96, 320.88, 267.96, 183.72, 3745.08, 417, 99.84, 513, 283.2, 136.92, 463.44, 0, 327.84, 231.36, 247.8, 133.92, 180.72, 193.92, 461.4, 194.4, 319.92, 336.48, 479.76, 234.96, 295.56, 3440.04, 713.64, 359.76, 544.92, 151.56, 369.6, 624, 327.84, 0, 558.48, 120.72, 458.04, 483.84, 137.52, 686.52, 141.6, 43.56, 291.84, 766.2, 505.8, 445.92, 3969.6, 237.24, 244.56, 586.68, 492.96, 267.48, 446.4, 231.36, 558.48, 0, 468.48, 118.32, 122.16, 422.52, 375.72, 425.4, 547.44, 499.08, 307.2, 185.04, 351.72, 3555.36, 602.64, 308.64, 440.4, 55.44, 329.76, 504.12, 247.8, 120.72, 468.48, 0, 381.72, 379.92, 68.76, 566.16, 122.28, 89.04, 190.08, 652.2, 393, 325.2, 3853.68, 345.36, 126.36, 589.08, 415.32, 150.24, 489.6, 133.92, 458.04, 118.32, 381.72, 0, 147.72, 326.88, 448.44, 319.8, 452.88, 451.68, 414.24, 224.28, 354.24, 3918.24, 237.12, 242.88, 466.68, 395.04, 277.2, 344.28, 180.72, 483.84, 122.16, 379.92, 147.72, 0, 346.56, 302.52, 364.92, 465.36, 383.04, 299.04, 76.92, 230.52, 3574.44, 578.16, 243.48, 483.24, 122.04, 262.56, 519.72, 193.92, 137.52, 422.52, 68.76, 326.88, 346.56, 0, 565.68, 60.24, 126, 242.04, 632.64, 372.24, 336.48, 4111.32, 206.4, 541.32, 357, 551.52, 577.2, 138, 461.4, 686.52, 375.72, 566.16, 448.44, 302.52, 565.68, 0, 606.36, 653.76, 457.08, 185.16, 230.4, 247.08, 3553.68, 600.96, 218.28, 542.52, 177.6, 229.68, 569.52, 194.4, 141.6, 425.4, 122.28, 319.8, 364.92, 60.24, 606.36, 0, 148.56, 302.28, 659.16, 401.04, 385.92, 3466.2, 690.84, 363.6, 501.84, 110.28, 377.64, 586.32, 319.92, 43.56, 547.44, 89.04, 452.88, 465.36, 126, 653.76, 148.56, 0, 249, 741, 481.56, 410.64, 3658.68, 555.6, 427.68, 253.2, 141.96, 459.12, 360.96, 336.48, 291.84, 499.08, 190.08, 451.68, 383.04, 242.04, 457.08, 302.28, 249, 0, 587.88, 357.72, 215.04, 4206.24, 69.96, 532.44, 535.2, 652.08, 562.44, 320.88, 479.76, 766.2, 307.2, 652.2, 414.24, 299.04, 632.64, 185.16, 659.16, 741, 587.88, 0, 260.52, 374.4, 3945.84, 210, 310.92, 403.92, 397.44, 346.8, 267.96, 234.96, 505.8, 185.04, 393, 224.28, 76.92, 372.24, 230.4, 401.04, 481.56, 357.72, 260.52, 0, 173.88, 3864.24, 347.64, 393.84, 236.88, 305.64, 431.64, 183.72, 295.56, 445.92, 351.72, 325.2, 354.24, 230.52, 336.48, 247.08, 385.92, 410.64, 215.04, 374.4, 173.88, 0

Time Windows (Depot, 1, ..., N)
0, 480, 0, 480, 0, 480, 0, 480, 0, 480, 0, 480, 0, 480, 0, 480, 0, 480, 0, 480, 0, 480, 0, 480, 0, 480, 0, 480, 0, 480, 0, 480, 0, 480, 0, 480, 0, 480, 0, 480, 0, 480