Instance
HEVTSP 3 20 1 TW 3

Customers
20

Service Time (same as Distance for all Modes: combustion, combustion+charging, electric, combustion+electric) (Depot, 1, ..., N, Depot)
0, 5, 2, 3, 6, 1, 1, 1, 6, 6, 1, 5, 5, 3, 5, 3, 3, 1, 4, 4, 1, 0

Initial Charging
0

Max Charging (in Watt/h)
16800

Charging Rate (in Watt/h)
12000

Discharging Rate (in Watt/h)
48000

Coordinates (Used for GUI, not necessarily related to Distances, Time, Costs)
0, 0, 40000, 40000, 42920, 41550, 42730, 40200, 43020, 41770, 42550, 40040, 42670, 43920, 41530, 41020, 42040, 42500, 43340, 44440, 41650, 41290, 40390, 41770, 41240, 42140, 42790, 41640, 43690, 40270, 40650, 44520, 42160, 44990, 43730, 42340, 43910, 44950, 41110, 44140, 45000, 45000

Distances (Depot-Depot, Depot-1, Depot-..., Depot-N, 1-Depot, 1-1, ..., M-N)
0, 56569, 59737, 58668, 59962, 58427, 61235, 58373, 59780, 62075, 58648, 58104, 58962, 59707, 59418, 60286, 61657, 60869, 62838, 60319, 63640, 56569, 0, 3306, 2737, 3500, 2550, 4743, 1839, 3227, 5556, 2094, 1812, 2473, 3236, 3700, 4566, 5437, 4403, 6308, 4286, 7071, 59737, 3306, 0, 1363, 242, 1555, 2383, 1488, 1295, 2920, 1296, 2540, 1781, 158, 1494, 3738, 3523, 1131, 3541, 3160, 4029, 58668, 2737, 1363, 0, 1597, 241, 3720, 1453, 2401, 4284, 1534, 2818, 2446, 1441, 963, 4795, 4824, 2362, 4894, 4260, 5310, 59962, 3500, 242, 1597, 0, 1793, 2178, 1668, 1222, 2689, 1452, 2630, 1818, 264, 1643, 3630, 3333, 910, 3302, 3044, 3789, 58427, 2550, 1555, 241, 1793, 0, 3882, 1414, 2512, 4470, 1540, 2767, 2475, 1618, 1163, 4866, 4965, 2585, 5095, 4346, 5532, 61235, 4743, 2383, 3720, 2178, 3882, 0, 3116, 1553, 848, 2821, 3134, 2283, 2283, 3790, 2107, 1185, 1903, 1612, 1575, 2568, 58373, 1839, 1488, 1453, 1668, 1414, 3116, 0, 1565, 3869, 295, 1365, 1157, 1404, 2287, 3609, 4020, 2566, 4594, 3148, 5280, 59780, 3227, 1295, 2401, 1222, 2512, 1553, 1565, 0, 2335, 1271, 1804, 877, 1141, 2774, 2452, 2493, 1698, 3082, 1885, 3874, 62075, 5556, 2920, 4284, 2689, 4470, 848, 3869, 2335, 0, 3575, 3979, 3114, 2854, 4185, 2691, 1302, 2136, 765, 2250, 1752, 58648, 2094, 1296, 1534, 1452, 1540, 2821, 295, 1271, 3575, 0, 1348, 944, 1193, 2281, 3381, 3735, 2330, 4302, 2901, 4999, 58104, 1812, 2540, 2818, 2630, 2767, 3134, 1365, 1804, 3979, 1348, 0, 927, 2404, 3625, 2762, 3674, 3388, 4744, 2477, 5629, 58962, 2473, 1781, 2446, 1818, 2475, 2283, 1157, 877, 3114, 944, 927, 0, 1629, 3082, 2452, 2995, 2498, 3876, 2004, 4724, 59707, 3236, 158, 1441, 264, 1618, 2283, 1404, 1141, 2854, 1193, 2404, 1629, 0, 1639, 3588, 3409, 1172, 3494, 3012, 4022, 59418, 3700, 1494, 963, 1643, 1163, 3790, 2287, 2774, 4185, 2281, 3625, 3082, 1639, 0, 5225, 4962, 2070, 4685, 4651, 4908, 60286, 4566, 3738, 4795, 3630, 4866, 2107, 3609, 2452, 2691, 3381, 2762, 2452, 3588, 5225, 0, 1581, 3773, 3288, 597, 4376, 61657, 5437, 3523, 4824, 3333, 4965, 1185, 4020, 2493, 1302, 3735, 3674, 2995, 3409, 4962, 1581, 0, 3080, 1750, 1351, 2840, 60869, 4403, 1131, 2362, 910, 2585, 1903, 2566, 1698, 2136, 2330, 3388, 2498, 1172, 2070, 3773, 3080, 0, 2616, 3179, 2948, 62838, 6308, 3541, 4894, 3302, 5095, 1612, 4594, 3082, 765, 4302, 4744, 3876, 3494, 4685, 3288, 1750, 2616, 0, 2915, 1091, 60319, 4286, 3160, 4260, 3044, 4346, 1575, 3148, 1885, 2250, 2901, 2477, 2004, 3012, 4651, 597, 1351, 3179, 2915, 0, 3984, 63640, 7071, 4029, 5310, 3789, 5532, 2568, 5280, 3874, 1752, 4999, 5629, 4724, 4022, 4908, 4376, 2840, 2948, 1091, 3984, 0

Time (same as Distance for all Modes: combustion, combustion+charging, electric, combustion+electric)
0, 62.85, 66.37, 65.19, 66.62, 64.92, 68.04, 64.86, 66.42, 68.97, 65.16, 64.56, 65.51, 66.34, 66.02, 66.98, 68.51, 67.63, 69.82, 67.02, 70.71, 62.85, 0, 7.35, 6.08, 7.78, 5.67, 10.54, 4.09, 7.17, 6.8, 4.65, 4.03, 5.5, 7.19, 8.22, 10.15, 6.66, 9.78, 7.72, 9.52, 8.66, 66.37, 7.35, 0, 3.03, 1.04, 3.46, 5.3, 3.31, 2.88, 6.49, 2.88, 5.64, 3.96, 0.68, 3.32, 8.31, 7.83, 2.51, 7.87, 7.02, 8.95, 65.19, 6.08, 3.03, 0, 3.55, 1.03, 8.27, 3.23, 5.34, 9.52, 3.41, 6.26, 5.44, 3.2, 3.04, 10.66, 10.72, 5.25, 10.88, 9.47, 6.5, 66.62, 7.78, 1.04, 3.55, 0, 3.98, 4.84, 3.71, 2.72, 5.98, 3.23, 5.84, 4.04, 1.13, 3.65, 8.07, 7.41, 2.87, 7.34, 6.76, 8.42, 64.92, 5.67, 3.46, 1.03, 3.98, 0, 8.63, 3.14, 5.58, 9.93, 3.42, 6.15, 5.5, 3.6, 2.58, 10.81, 11.03, 5.74, 6.24, 9.66, 6.77, 68.04, 10.54, 5.3, 8.27, 4.84, 8.63, 0, 6.92, 3.45, 2.68, 6.27, 6.96, 5.07, 5.07, 8.42, 4.68, 2.63, 4.23, 3.58, 3.5, 5.71, 64.86, 4.09, 3.31, 3.23, 3.71, 3.14, 6.92, 0, 3.48, 8.6, 1.26, 3.03, 2.57, 3.12, 5.08, 8.02, 8.93, 5.7, 10.21, 7, 6.47, 66.42, 7.17, 2.88, 5.34, 2.72, 5.58, 3.45, 3.48, 0, 5.19, 2.82, 4.01, 2.77, 2.54, 6.16, 5.45, 5.54, 3.77, 6.85, 4.19, 8.61, 68.97, 6.8, 6.49, 9.52, 5.98, 9.93, 2.68, 8.6, 5.19, 0, 7.94, 8.84, 6.92, 6.34, 9.3, 5.98, 2.89, 4.75, 2.42, 5, 3.89, 65.16, 4.65, 2.88, 3.41, 3.23, 3.42, 6.27, 1.26, 2.82, 7.94, 0, 3, 2.98, 2.65, 5.07, 7.51, 8.3, 5.18, 9.56, 6.45, 11.11, 64.56, 4.03, 5.64, 6.26, 5.84, 6.15, 6.96, 3.03, 4.01, 8.84, 3, 0, 2.93, 5.34, 8.06, 6.14, 8.16, 7.53, 10.54, 5.5, 6.89, 65.51, 5.5, 3.96, 5.44, 4.04, 5.5, 5.07, 2.57, 2.77, 6.92, 2.98, 2.93, 0, 3.62, 6.85, 5.45, 6.66, 5.55, 8.61, 4.45, 10.5, 66.34, 7.19, 0.68, 3.2, 1.13, 3.6, 5.07, 3.12, 2.54, 6.34, 2.65, 5.34, 3.62, 0, 3.64, 7.97, 7.58, 2.6, 7.76, 6.69, 8.94, 66.02, 8.22, 3.32, 3.04, 3.65, 2.58, 8.42, 5.08, 6.16, 9.3, 5.07, 8.06, 6.85, 3.64, 0, 6.4, 11.03, 4.6, 10.41, 10.34, 10.91, 66.98, 10.15, 8.31, 10.66, 8.07, 10.81, 4.68, 8.02, 5.45, 5.98, 7.51, 6.14, 5.45, 7.97, 6.4, 0, 3.51, 8.38, 7.31, 1.89, 9.72, 68.51, 6.66, 7.83, 10.72, 7.41, 11.03, 2.63, 8.93, 5.54, 2.89, 8.3, 8.16, 6.66, 7.58, 11.03, 3.51, 0, 6.84, 3.89, 3, 6.31, 67.63, 9.78, 2.51, 5.25, 2.87, 5.74, 4.23, 5.7, 3.77, 4.75, 5.18, 7.53, 5.55, 2.6, 4.6, 8.38, 6.84, 0, 5.81, 7.06, 6.55, 69.82, 7.72, 7.87, 10.88, 7.34, 6.24, 3.58, 10.21, 6.85, 2.42, 9.56, 10.54, 8.61, 7.76, 10.41, 7.31, 3.89, 5.81, 0, 6.48, 2.42, 67.02, 9.52, 7.02, 9.47, 6.76, 9.66, 3.5, 7, 4.19, 5, 6.45, 5.5, 4.45, 6.69, 10.34, 1.89, 3, 7.06, 6.48, 0, 8.85, 70.71, 8.66, 8.95, 6.5, 8.42, 6.77, 5.71, 6.47, 8.61, 3.89, 11.11, 6.89, 10.5, 8.94, 10.91, 9.72, 6.31, 6.55, 2.42, 8.85, 0, 0, 66.55, 70.28, 69.02, 70.54, 68.74, 72.04, 68.67, 70.33, 73.03, 69, 68.36, 69.37, 70.24, 69.9, 70.92, 72.54, 71.61, 73.93, 70.96, 74.87, 66.55, 0, 7.93, 6.57, 8.4, 6.12, 11.38, 4.41, 7.74, 7.25, 5.03, 4.35, 5.94, 7.77, 8.88, 10.96, 7.09, 10.57, 8.23, 10.29, 9.22, 70.28, 7.93, 0, 3.27, 1.12, 3.73, 5.72, 3.57, 3.11, 7.01, 3.11, 6.1, 4.27, 0.73, 3.59, 8.97, 8.46, 2.71, 8.5, 7.58, 9.67, 69.02, 6.57, 3.27, 0, 3.83, 1.11, 8.93, 3.49, 5.76, 10.28, 3.68, 6.76, 5.87, 3.46, 3.21, 11.51, 11.58, 5.67, 11.75, 10.22, 6.93, 70.54, 8.4, 1.12, 3.83, 0, 4.3, 5.23, 4, 2.93, 6.45, 3.48, 6.31, 4.36, 1.22, 3.94, 8.71, 8, 3.03, 7.92, 7.31, 9.09, 68.74, 6.12, 3.73, 1.11, 4.3, 0, 9.32, 3.39, 6.03, 10.73, 3.7, 6.64, 5.94, 3.88, 2.79, 11.68, 11.92, 6.2, 6.65, 10.43, 7.22, 72.04, 11.38, 5.72, 8.93, 5.23, 9.32, 0, 7.48, 3.73, 2.83, 6.77, 7.52, 5.48, 5.48, 9.1, 5.06, 2.84, 4.57, 3.87, 3.78, 6.16, 68.67, 4.41, 3.57, 3.49, 4, 3.39, 7.48, 0, 3.76, 9.29, 1.36, 3.28, 2.78, 3.37, 5.49, 8.66, 9.65, 6.16, 11.03, 7.56, 6.89, 70.33, 7.74, 3.11, 5.76, 2.93, 6.03, 3.73, 3.76, 0, 5.6, 3.05, 4.33, 2.92, 2.74, 6.66, 5.88, 5.98, 4.08, 7.4, 4.52, 9.3, 73.03, 7.25, 7.01, 10.28, 6.45, 10.73, 2.83, 9.29, 5.6, 0, 8.58, 9.55, 7.47, 6.85, 10.04, 6.46, 3.12, 5.13, 2.55, 5.4, 4.2, 69, 5.03, 3.11, 3.68, 3.48, 3.7, 6.77, 1.36, 3.05, 8.58, 0, 3.24, 3.15, 2.86, 5.47, 8.11, 8.96, 5.59, 10.32, 6.96, 12, 68.36, 4.35, 6.1, 6.76, 6.31, 6.64, 7.52, 3.28, 4.33, 9.55, 3.24, 0, 3.09, 5.77, 8.7, 6.63, 8.82, 8.13, 11.39, 5.94, 7.34, 69.37, 5.94, 4.27, 5.87, 4.36, 5.94, 5.48, 2.78, 2.92, 7.47, 3.15, 3.09, 0, 3.91, 7.4, 5.88, 7.19, 6, 9.3, 4.81, 11.34, 70.24, 7.77, 0.73, 3.46, 1.22, 3.88, 5.48, 3.37, 2.74, 6.85, 2.86, 5.77, 3.91, 0, 3.93, 8.61, 8.18, 2.81, 8.39, 7.23, 9.65, 69.9, 8.88, 3.59, 3.21, 3.94, 2.79, 9.1, 5.49, 6.66, 10.04, 5.47, 8.7, 7.4, 3.93, 0, 6.82, 11.91, 4.97, 11.24, 11.16, 11.78, 70.92, 10.96, 8.97, 11.51, 8.71, 11.68, 5.06, 8.66, 5.88, 6.46, 8.11, 6.63, 5.88, 8.61, 6.82, 0, 3.79, 9.06, 7.89, 1.99, 10.5, 72.54, 7.09, 8.46, 11.58, 8, 11.92, 2.84, 9.65, 5.98, 3.12, 8.96, 8.82, 7.19, 8.18, 11.91, 3.79, 0, 7.39, 4.2, 3.24, 6.82, 71.61, 10.57, 2.71, 5.67, 3.03, 6.2, 4.57, 6.16, 4.08, 5.13, 5.59, 8.13, 6, 2.81, 4.97, 9.06, 7.39, 0, 6.28, 7.63, 7.08, 73.93, 8.23, 8.5, 11.75, 7.92, 6.65, 3.87, 11.03, 7.4, 2.55, 10.32, 11.39, 9.3, 8.39, 11.24, 7.89, 4.2, 6.28, 0, 7, 2.62, 70.96, 10.29, 7.58, 10.22, 7.31, 10.43, 3.78, 7.56, 4.52, 5.4, 6.96, 5.94, 4.81, 7.23, 11.16, 1.99, 3.24, 7.63, 7, 0, 9.56, 74.87, 9.22, 9.67, 6.93, 9.09, 7.22, 6.16, 6.89, 9.3, 4.2, 12, 7.34, 11.34, 9.65, 11.78, 10.5, 6.82, 7.08, 2.62, 9.56, 0, 0, 70.71, 74.67, 73.34, 74.95, 73.03, 76.54, 72.97, 74.73, 77.59, 73.31, 72.63, 73.7, 74.63, 74.27, 75.36, 77.07, 76.09, 78.55, 75.4, 79.55, 70.71, 0, 8.62, 7.14, 9.13, 6.65, 12.37, 4.8, 8.42, 7.75, 5.46, 4.73, 6.45, 8.44, 9.65, 11.91, 7.59, 11.49, 8.8, 11.18, 9.87, 74.67, 8.62, 0, 3.56, 1.21, 4.06, 6.22, 3.88, 3.38, 7.62, 3.38, 6.63, 4.65, 0.79, 3.9, 9.75, 9.19, 2.95, 9.24, 8.24, 10.51, 73.34, 7.14, 3.56, 0, 4.17, 1.21, 9.7, 3.79, 6.26, 11.18, 4, 7.35, 6.38, 3.76, 3.4, 12.51, 12.58, 6.16, 12.77, 11.11, 7.41, 74.95, 9.13, 1.21, 4.17, 0, 4.68, 5.68, 4.35, 3.19, 7.01, 3.79, 6.86, 4.74, 1.32, 4.29, 9.47, 8.69, 3.21, 8.61, 7.94, 9.88, 73.03, 6.65, 4.06, 1.21, 4.68, 0, 10.13, 3.69, 6.55, 11.66, 4.02, 7.22, 6.46, 4.22, 3.03, 12.69, 12.95, 6.74, 7.11, 11.34, 7.72, 76.54, 12.37, 6.22, 9.7, 5.68, 10.13, 0, 8.13, 4.05, 2.99, 7.36, 8.18, 5.96, 5.96, 9.89, 5.5, 3.09, 4.96, 4.21, 4.11, 6.7, 72.97, 4.8, 3.88, 3.79, 4.35, 3.69, 8.13, 0, 4.08, 10.09, 1.48, 3.56, 3.02, 3.66, 5.97, 9.41, 10.49, 6.69, 11.98, 8.21, 7.37, 74.73, 8.42, 3.38, 6.26, 3.19, 6.55, 4.05, 4.08, 0, 6.09, 3.32, 4.71, 3.1, 2.98, 7.24, 6.4, 6.5, 4.43, 8.04, 4.92, 10.11, 77.59, 7.75, 7.62, 11.18, 7.01, 11.66, 2.99, 10.09, 6.09, 0, 9.33, 10.38, 8.12, 7.45, 10.92, 7.02, 3.4, 5.57, 2.7, 5.87, 4.57, 73.31, 5.46, 3.38, 4, 3.79, 4.02, 7.36, 1.48, 3.32, 9.33, 0, 3.52, 3.33, 3.11, 5.95, 8.82, 9.74, 6.08, 11.22, 7.57, 13.04, 72.63, 4.73, 6.63, 7.35, 6.86, 7.22, 8.18, 3.56, 4.71, 10.38, 3.52, 0, 3.27, 6.27, 9.46, 7.21, 9.58, 8.84, 12.38, 6.46, 7.85, 73.7, 6.45, 4.65, 6.38, 4.74, 6.46, 5.96, 3.02, 3.1, 8.12, 3.33, 3.27, 0, 4.25, 8.04, 6.4, 7.81, 6.52, 10.11, 5.23, 12.32, 74.63, 8.44, 0.79, 3.76, 1.32, 4.22, 5.96, 3.66, 2.98, 7.45, 3.11, 6.27, 4.25, 0, 4.28, 9.36, 8.89, 3.06, 9.11, 7.86, 10.49, 74.27, 9.65, 3.9, 3.4, 4.29, 3.03, 9.89, 5.97, 7.24, 10.92, 5.95, 9.46, 8.04, 4.28, 0, 7.29, 12.94, 5.4, 12.22, 12.13, 12.8, 75.36, 11.91, 9.75, 12.51, 9.47, 12.69, 5.5, 9.41, 6.4, 7.02, 8.82, 7.21, 6.4, 9.36, 7.29, 0, 4.12, 9.84, 8.58, 2.11, 11.42, 77.07, 7.59, 9.19, 12.58, 8.69, 12.95, 3.09, 10.49, 6.5, 3.4, 9.74, 9.58, 7.81, 8.89, 12.94, 4.12, 0, 8.03, 4.57, 3.52, 7.41, 76.09, 11.49, 2.95, 6.16, 3.21, 6.74, 4.96, 6.69, 4.43, 5.57, 6.08, 8.84, 6.52, 3.06, 5.4, 9.84, 8.03, 0, 6.82, 8.29, 7.69, 78.55, 8.8, 9.24, 12.77, 8.61, 7.11, 4.21, 11.98, 8.04, 2.7, 11.22, 12.38, 10.11, 9.11, 12.22, 8.58, 4.57, 6.82, 0, 7.6, 2.85, 75.4, 11.18, 8.24, 11.11, 7.94, 11.34, 4.11, 8.21, 4.92, 5.87, 7.57, 6.46, 5.23, 7.86, 12.13, 2.11, 3.52, 8.29, 7.6, 0, 10.39, 79.55, 9.87, 10.51, 7.41, 9.88, 7.72, 6.7, 7.37, 10.11, 4.57, 13.04, 7.85, 12.32, 10.49, 12.8, 11.42, 7.41, 7.69, 2.85, 10.39, 0, 0, 59.55, 62.88, 61.76, 63.12, 61.5, 64.46, 61.45, 62.93, 65.34, 61.73, 61.16, 62.07, 62.85, 62.55, 63.46, 64.9, 64.07, 66.15, 63.49, 66.99, 59.55, 0, 6.84, 5.66, 7.24, 5.28, 9.81, 3.8, 6.68, 6.41, 4.33, 3.75, 5.12, 6.7, 7.66, 9.45, 6.27, 9.11, 7.28, 8.87, 8.16, 62.88, 6.84, 0, 2.82, 0.97, 3.22, 4.93, 3.08, 2.68, 6.04, 2.68, 5.26, 3.68, 0.63, 3.09, 7.73, 7.29, 2.34, 7.33, 6.54, 8.34, 61.76, 5.66, 2.82, 0, 3.3, 0.96, 7.7, 3.01, 4.97, 8.86, 3.17, 5.83, 5.06, 2.98, 2.89, 9.92, 9.98, 4.89, 10.13, 8.81, 6.13, 63.12, 7.24, 0.97, 3.3, 0, 3.71, 4.51, 3.45, 2.53, 5.56, 3, 5.44, 3.76, 1.06, 3.4, 7.51, 6.9, 2.73, 6.83, 6.3, 7.84, 61.5, 5.28, 3.22, 0.96, 3.71, 0, 8.03, 2.93, 5.2, 9.25, 3.19, 5.72, 5.12, 3.35, 2.41, 10.07, 10.27, 5.35, 5.88, 8.99, 6.38, 64.46, 9.81, 4.93, 7.7, 4.51, 8.03, 0, 6.45, 3.21, 2.54, 5.84, 6.48, 4.72, 4.72, 7.84, 4.36, 2.45, 3.94, 3.34, 3.26, 5.31, 61.45, 3.8, 3.08, 3.01, 3.45, 2.93, 6.45, 0, 3.24, 8, 1.18, 2.82, 2.39, 2.9, 4.73, 7.47, 8.32, 5.31, 9.5, 6.51, 6.09, 62.93, 6.68, 2.68, 4.97, 2.53, 5.2, 3.21, 3.24, 0, 4.83, 2.63, 3.73, 2.63, 2.36, 5.74, 5.07, 5.16, 3.51, 6.38, 3.9, 8.02, 65.34, 6.41, 6.04, 8.86, 5.56, 9.25, 2.54, 8, 4.83, 0, 7.4, 8.23, 6.44, 5.9, 8.66, 5.57, 2.69, 4.42, 2.3, 4.66, 3.62, 61.73, 4.33, 2.68, 3.17, 3, 3.19, 5.84, 1.18, 2.63, 7.4, 0, 2.79, 2.83, 2.47, 4.72, 7, 7.73, 4.82, 8.9, 6, 10.34, 61.16, 3.75, 5.26, 5.83, 5.44, 5.72, 6.48, 2.82, 3.73, 8.23, 2.79, 0, 2.78, 4.97, 7.5, 5.71, 7.6, 7.01, 9.82, 5.12, 6.5, 62.07, 5.12, 3.68, 5.06, 3.76, 5.12, 4.72, 2.39, 2.63, 6.44, 2.83, 2.78, 0, 3.37, 6.38, 5.07, 6.2, 5.17, 8.02, 4.15, 9.77, 62.85, 6.7, 0.63, 2.98, 1.06, 3.35, 4.72, 2.9, 2.36, 5.9, 2.47, 4.97, 3.37, 0, 3.39, 7.42, 7.05, 2.42, 7.23, 6.23, 8.32, 62.55, 7.66, 3.09, 2.89, 3.4, 2.41, 7.84, 4.73, 5.74, 8.66, 4.72, 7.5, 6.38, 3.39, 0, 6.03, 10.27, 4.28, 9.69, 9.62, 10.15, 63.46, 9.45, 7.73, 9.92, 7.51, 10.07, 4.36, 7.47, 5.07, 5.57, 7, 5.71, 5.07, 7.42, 6.03, 0, 3.27, 7.81, 6.8, 1.79, 9.05, 64.9, 6.27, 7.29, 9.98, 6.9, 10.27, 2.45, 8.32, 5.16, 2.69, 7.73, 7.6, 6.2, 7.05, 10.27, 3.27, 0, 6.37, 3.62, 2.8, 5.88, 64.07, 9.11, 2.34, 4.89, 2.73, 5.35, 3.94, 5.31, 3.51, 4.42, 4.82, 7.01, 5.17, 2.42, 4.28, 7.81, 6.37, 0, 5.41, 6.58, 6.1, 66.15, 7.28, 7.33, 10.13, 6.83, 5.88, 3.34, 9.5, 6.38, 2.3, 8.9, 9.82, 8.02, 7.23, 9.69, 6.8, 3.62, 5.41, 0, 6.03, 2.26, 63.49, 8.87, 6.54, 8.81, 6.3, 8.99, 3.26, 6.51, 3.9, 4.66, 6, 5.12, 4.15, 6.23, 9.62, 1.79, 2.8, 6.58, 6.03, 0, 8.24, 66.99, 8.16, 8.34, 6.13, 7.84, 6.38, 5.31, 6.09, 8.02, 3.62, 10.34, 6.5, 9.77, 8.32, 10.15, 9.05, 5.88, 6.1, 2.26, 8.24, 0

Costs (same as Distance for all Modes: combustion, combustion+charging, electric, combustion+electric)
0, 5656.85, 5973.72, 5866.76, 5996.21, 5842.69, 6123.48, 5837.28, 5977.97, 6207.47, 5864.8, 5810.41, 5896.2, 5970.66, 5941.79, 6028.64, 6165.68, 6086.86, 6283.78, 6031.89, 6363.96, 5656.85, 0, 330.59, 273.73, 350.05, 255.03, 474.29, 183.88, 322.67, 555.6, 209.44, 181.25, 247.33, 323.63, 369.99, 456.65, 543.74, 440.32, 630.8, 428.62, 707.11, 5973.72, 330.59, 0, 136.33, 24.17, 155.47, 238.31, 148.76, 129.5, 292.04, 129.63, 253.95, 178.06, 15.81, 149.38, 373.82, 352.3, 113.15, 354.12, 315.98, 402.85, 5866.76, 273.73, 136.33, 0, 159.66, 24.08, 372.05, 145.34, 240.13, 428.37, 153.44, 281.79, 244.62, 144.12, 96.25, 479.47, 482.38, 236.21, 489.44, 426, 530.97, 5996.21, 350.05, 24.17, 159.66, 0, 179.27, 217.83, 166.81, 122.2, 268.91, 145.17, 263, 181.8, 26.42, 164.28, 363.03, 333.29, 91.05, 330.22, 304.38, 378.86, 5842.69, 255.03, 155.47, 24.08, 179.27, 0, 388.19, 141.45, 251.23, 447.04, 154.03, 276.74, 247.51, 161.79, 116.3, 486.63, 496.53, 258.5, 509.49, 434.55, 553.21, 6123.48, 474.29, 238.31, 372.05, 217.83, 388.19, 0, 311.6, 155.35, 84.81, 282.09, 313.38, 228.33, 228.32, 378.98, 210.72, 118.53, 190.26, 161.2, 157.54, 256.81, 5837.28, 183.88, 148.76, 145.34, 166.81, 141.45, 311.6, 0, 156.54, 386.94, 29.55, 136.46, 115.69, 140.43, 228.65, 360.89, 401.97, 256.56, 459.45, 314.81, 528.03, 5977.97, 322.67, 129.5, 240.13, 122.2, 251.23, 155.35, 156.54, 0, 233.53, 127.13, 180.43, 87.73, 114.11, 277.41, 245.2, 249.29, 169.76, 308.21, 188.53, 387.45, 6207.47, 555.6, 292.04, 428.37, 268.91, 447.04, 84.81, 386.94, 233.53, 0, 357.47, 397.89, 311.45, 285.35, 418.47, 269.12, 130.19, 213.59, 76.49, 225.01, 175.19, 5864.8, 209.44, 129.63, 153.44, 145.17, 154.03, 282.09, 29.55, 127.13, 357.47, 0, 134.83, 94.37, 119.25, 228.08, 338.13, 373.5, 233, 430.15, 290.07, 499.87, 5810.41, 181.25, 253.95, 281.79, 263, 276.74, 313.38, 136.46, 180.43, 397.89, 134.83, 0, 92.7, 240.35, 362.49, 276.23, 367.44, 338.83, 474.37, 247.7, 562.89, 5896.2, 247.33, 178.06, 244.62, 181.8, 247.51, 228.33, 115.69, 87.73, 311.45, 94.37, 92.7, 0, 162.86, 308.21, 245.2, 299.48, 249.8, 387.62, 200.42, 472.41, 5970.66, 323.63, 15.81, 144.12, 26.42, 161.79, 228.32, 140.43, 114.11, 285.35, 119.25, 240.35, 162.86, 0, 163.92, 358.8, 340.87, 117.2, 349.44, 301.2, 402.17, 5941.79, 369.99, 149.38, 96.25, 164.28, 116.3, 378.98, 228.65, 277.41, 418.47, 228.08, 362.49, 308.21, 163.92, 0, 522.53, 496.18, 207.04, 468.52, 465.12, 490.81, 6028.64, 456.65, 373.82, 479.47, 363.03, 486.63, 210.72, 360.89, 245.2, 269.12, 338.13, 276.23, 245.2, 358.8, 522.53, 0, 158.15, 377.34, 328.82, 59.67, 437.64, 6165.68, 543.74, 352.3, 482.38, 333.29, 496.53, 118.53, 401.97, 249.29, 130.19, 373.5, 367.44, 299.48, 340.87, 496.18, 158.15, 0, 308.02, 175.05, 135.09, 284, 6086.86, 440.32, 113.15, 236.21, 91.05, 258.5, 190.26, 256.56, 169.76, 213.59, 233, 338.83, 249.8, 117.2, 207.04, 377.34, 308.02, 0, 261.62, 317.87, 294.76, 6283.78, 630.8, 354.12, 489.44, 330.22, 509.49, 161.2, 459.45, 308.21, 76.49, 430.15, 474.37, 387.62, 349.44, 468.52, 328.82, 175.05, 261.62, 0, 291.48, 109.11, 6031.89, 428.62, 315.98, 426, 304.38, 434.55, 157.54, 314.81, 188.53, 225.01, 290.07, 247.7, 200.42, 301.2, 465.12, 59.67, 135.09, 317.87, 291.48, 0, 398.39, 6363.96, 707.11, 402.85, 530.97, 378.86, 553.21, 256.81, 528.03, 387.45, 175.19, 499.87, 562.89, 472.41, 402.17, 490.81, 437.64, 284, 294.76, 109.11, 398.39, 0, 0, 6222.59, 6571.07, 6453.48, 6595.82, 6426.97, 6735.85, 6421.03, 6575.8, 6828.25, 6451.28, 6391.44, 6485.82, 6567.77, 6535.98, 6631.46, 6782.27, 6695.59, 6912.18, 6635.09, 7000.4, 6222.59, 0, 363.66, 301.07, 385, 280.5, 521.73, 202.29, 354.97, 611.16, 230.34, 199.32, 272.03, 355.96, 407, 502.26, 598.07, 484.33, 693.88, 471.46, 777.81, 6571.07, 363.66, 0, 149.93, 26.62, 171.05, 262.13, 163.68, 142.45, 321.2, 142.56, 279.4, 195.91, 17.38, 164.34, 411.18, 387.53, 124.41, 389.51, 347.6, 443.19, 6453.48, 301.07, 149.93, 0, 175.67, 26.51, 409.2, 159.83, 264.11, 471.24, 168.74, 309.98, 269.06, 158.51, 105.93, 527.45, 530.64, 259.82, 538.34, 468.6, 584.1, 6595.82, 385, 26.62, 175.67, 0, 197.23, 239.58, 183.48, 134.42, 295.79, 159.72, 289.3, 199.98, 29.04, 180.73, 399.3, 366.63, 100.1, 363.22, 334.84, 416.79, 6426.97, 280.5, 171.05, 26.51, 197.23, 0, 427.02, 155.54, 276.32, 491.7, 169.4, 304.37, 272.25, 177.98, 127.93, 535.26, 546.15, 284.35, 560.45, 478.06, 608.52, 6735.85, 521.73, 262.13, 409.2, 239.58, 427.02, 0, 342.76, 170.83, 93.28, 310.31, 344.74, 251.13, 251.13, 416.9, 231.77, 130.35, 209.33, 177.32, 173.25, 282.48, 6421.03, 202.29, 163.68, 159.83, 183.48, 155.54, 342.76, 0, 172.15, 425.59, 32.45, 150.15, 127.27, 154.44, 251.57, 396.99, 442.2, 282.26, 505.34, 346.28, 580.8, 6575.8, 354.97, 142.45, 264.11, 134.42, 276.32, 170.83, 172.15, 0, 256.85, 139.81, 198.44, 96.47, 125.51, 305.14, 269.72, 274.23, 186.78, 339.02, 207.35, 426.14, 6828.25, 611.16, 321.2, 471.24, 295.79, 491.7, 93.28, 425.59, 256.85, 0, 393.25, 437.69, 342.54, 313.94, 460.35, 296.01, 143.22, 234.96, 84.15, 247.5, 192.72, 6451.28, 230.34, 142.56, 168.74, 159.72, 169.4, 310.31, 32.45, 139.81, 393.25, 0, 148.28, 103.84, 131.23, 250.91, 371.91, 410.85, 256.3, 473.22, 319.11, 549.89, 6391.44, 199.32, 279.4, 309.98, 289.3, 304.37, 344.74, 150.15, 198.44, 437.69, 148.28, 0, 101.97, 264.44, 398.75, 303.82, 404.14, 372.68, 521.84, 272.47, 619.19, 6485.82, 272.03, 195.91, 269.06, 199.98, 272.25, 251.13, 127.27, 96.47, 342.54, 103.84, 101.97, 0, 179.19, 339.02, 269.72, 329.45, 274.78, 426.36, 220.44, 519.64, 6567.77, 355.96, 17.38, 158.51, 29.04, 177.98, 251.13, 154.44, 125.51, 313.94, 131.23, 264.44, 179.19, 0, 180.29, 394.68, 374.99, 128.92, 384.34, 331.32, 442.42, 6535.98, 407, 164.34, 105.93, 180.73, 127.93, 416.9, 251.57, 305.14, 460.35, 250.91, 398.75, 339.02, 180.29, 0, 574.75, 545.82, 227.7, 515.35, 511.61, 539.88, 6631.46, 502.26, 411.18, 527.45, 399.3, 535.26, 231.77, 396.99, 269.72, 296.01, 371.91, 303.82, 269.72, 394.68, 574.75, 0, 173.91, 415.03, 361.68, 65.67, 481.36, 6782.27, 598.07, 387.53, 530.64, 366.63, 546.15, 130.35, 442.2, 274.23, 143.22, 410.85, 404.14, 329.45, 374.99, 545.82, 173.91, 0, 338.8, 192.5, 148.61, 312.4, 6695.59, 484.33, 124.41, 259.82, 100.1, 284.35, 209.33, 282.26, 186.78, 234.96, 256.3, 372.68, 274.78, 128.92, 227.7, 415.03, 338.8, 0, 287.76, 349.69, 324.28, 6912.18, 693.88, 389.51, 538.34, 363.22, 560.45, 177.32, 505.34, 339.02, 84.15, 473.22, 521.84, 426.36, 384.34, 515.35, 361.68, 192.5, 287.76, 0, 320.65, 120.01, 6635.09, 471.46, 347.6, 468.6, 334.84, 478.06, 173.25, 346.28, 207.35, 247.5, 319.11, 272.47, 220.44, 331.32, 511.61, 65.67, 148.61, 349.69, 320.65, 0, 438.24, 7000.4, 777.81, 443.19, 584.1, 416.79, 608.52, 282.48, 580.8, 426.14, 192.72, 549.89, 619.19, 519.64, 442.42, 539.88, 481.36, 312.4, 324.28, 120.01, 438.24, 0, 0, 1131.38, 1194.74, 1173.36, 1199.24, 1168.54, 1224.7, 1167.46, 1195.6, 1241.5, 1172.96, 1162.08, 1179.24, 1194.14, 1188.36, 1205.72, 1233.14, 1217.38, 1256.76, 1206.38, 1272.8, 1131.38, 0, 66.12, 54.74, 70, 51, 94.86, 36.78, 64.54, 111.12, 41.88, 36.24, 49.46, 64.72, 74, 91.32, 108.74, 88.06, 126.16, 85.72, 141.42, 1194.74, 66.12, 0, 27.26, 4.84, 31.1, 47.66, 29.76, 25.9, 58.4, 25.92, 50.8, 35.62, 3.16, 29.88, 74.76, 70.46, 22.62, 70.82, 63.2, 80.58, 1173.36, 54.74, 27.26, 0, 31.94, 4.82, 74.4, 29.06, 48.02, 85.68, 30.68, 56.36, 48.92, 28.82, 19.26, 95.9, 96.48, 47.24, 97.88, 85.2, 106.2, 1199.24, 70, 4.84, 31.94, 0, 35.86, 43.56, 33.36, 24.44, 53.78, 29.04, 52.6, 36.36, 5.28, 32.86, 72.6, 66.66, 18.2, 66.04, 60.88, 75.78, 1168.54, 51, 31.1, 4.82, 35.86, 0, 77.64, 28.28, 50.24, 89.4, 30.8, 55.34, 49.5, 32.36, 23.26, 97.32, 99.3, 51.7, 101.9, 86.92, 110.64, 1224.7, 94.86, 47.66, 74.4, 43.56, 77.64, 0, 62.32, 31.06, 16.96, 56.42, 62.68, 45.66, 45.66, 75.8, 42.14, 23.7, 38.06, 32.24, 31.5, 51.36, 1167.46, 36.78, 29.76, 29.06, 33.36, 28.28, 62.32, 0, 31.3, 77.38, 5.9, 27.3, 23.14, 28.08, 45.74, 72.18, 80.4, 51.32, 91.88, 62.96, 105.6, 1195.6, 64.54, 25.9, 48.02, 24.44, 50.24, 31.06, 31.3, 0, 46.7, 25.42, 36.08, 17.54, 22.82, 55.48, 49.04, 49.86, 33.96, 61.64, 37.7, 77.48, 1241.5, 111.12, 58.4, 85.68, 53.78, 89.4, 16.96, 77.38, 46.7, 0, 71.5, 79.58, 62.28, 57.08, 83.7, 53.82, 26.04, 42.72, 15.3, 45, 35.04, 1172.96, 41.88, 25.92, 30.68, 29.04, 30.8, 56.42, 5.9, 25.42, 71.5, 0, 26.96, 18.88, 23.86, 45.62, 67.62, 74.7, 46.6, 86.04, 58.02, 99.98, 1162.08, 36.24, 50.8, 56.36, 52.6, 55.34, 62.68, 27.3, 36.08, 79.58, 26.96, 0, 18.54, 48.08, 72.5, 55.24, 73.48, 67.76, 94.88, 49.54, 112.58, 1179.24, 49.46, 35.62, 48.92, 36.36, 49.5, 45.66, 23.14, 17.54, 62.28, 18.88, 18.54, 0, 32.58, 61.64, 49.04, 59.9, 49.96, 77.52, 40.08, 94.48, 1194.14, 64.72, 3.16, 28.82, 5.28, 32.36, 45.66, 28.08, 22.82, 57.08, 23.86, 48.08, 32.58, 0, 32.78, 71.76, 68.18, 23.44, 69.88, 60.24, 80.44, 1188.36, 74, 29.88, 19.26, 32.86, 23.26, 75.8, 45.74, 55.48, 83.7, 45.62, 72.5, 61.64, 32.78, 0, 104.5, 99.24, 41.4, 93.7, 93.02, 98.16, 1205.72, 91.32, 74.76, 95.9, 72.6, 97.32, 42.14, 72.18, 49.04, 53.82, 67.62, 55.24, 49.04, 71.76, 104.5, 0, 31.62, 75.46, 65.76, 11.94, 87.52, 1233.14, 108.74, 70.46, 96.48, 66.66, 99.3, 23.7, 80.4, 49.86, 26.04, 74.7, 73.48, 59.9, 68.18, 99.24, 31.62, 0, 61.6, 35, 27.02, 56.8, 1217.38, 88.06, 22.62, 47.24, 18.2, 51.7, 38.06, 51.32, 33.96, 42.72, 46.6, 67.76, 49.96, 23.44, 41.4, 75.46, 61.6, 0, 52.32, 63.58, 58.96, 1256.76, 126.16, 70.82, 97.88, 66.04, 101.9, 32.24, 91.88, 61.64, 15.3, 86.04, 94.88, 77.52, 69.88, 93.7, 65.76, 35, 52.32, 0, 58.3, 21.82, 1206.38, 85.72, 63.2, 85.2, 60.88, 86.92, 31.5, 62.96, 37.7, 45, 58.02, 49.54, 40.08, 60.24, 93.02, 11.94, 27.02, 63.58, 58.3, 0, 79.68, 1272.8, 141.42, 80.58, 106.2, 75.78, 110.64, 51.36, 105.6, 77.48, 35.04, 99.98, 112.58, 94.48, 80.44, 98.16, 87.52, 56.8, 58.96, 21.82, 79.68, 0, 0, 6788.28, 7168.44, 7040.16, 7195.44, 7011.24, 7348.2, 7004.76, 7173.6, 7449, 7037.76, 6972.48, 7075.44, 7164.84, 7130.16, 7234.32, 7398.84, 7304.28, 7540.56, 7238.28, 7636.8, 6788.28, 0, 396.72, 328.44, 420, 306, 569.16, 220.68, 387.24, 666.72, 251.28, 217.44, 296.76, 388.32, 444, 547.92, 652.44, 528.36, 756.96, 514.32, 848.52, 7168.44, 396.72, 0, 163.56, 29.04, 186.6, 285.96, 178.56, 155.4, 350.4, 155.52, 304.8, 213.72, 18.96, 179.28, 448.56, 422.76, 135.72, 424.92, 379.2, 483.48, 7040.16, 328.44, 163.56, 0, 191.64, 28.92, 446.4, 174.36, 288.12, 514.08, 184.08, 338.16, 293.52, 172.92, 115.56, 575.4, 578.88, 283.44, 587.28, 511.2, 637.2, 7195.44, 420, 29.04, 191.64, 0, 215.16, 261.36, 200.16, 146.64, 322.68, 174.24, 315.6, 218.16, 31.68, 197.16, 435.6, 399.96, 109.2, 396.24, 365.28, 454.68, 7011.24, 306, 186.6, 28.92, 215.16, 0, 465.84, 169.68, 301.44, 536.4, 184.8, 332.04, 297, 194.16, 139.56, 583.92, 595.8, 310.2, 611.4, 521.52, 663.84, 7348.2, 569.16, 285.96, 446.4, 261.36, 465.84, 0, 373.92, 186.36, 101.76, 338.52, 376.08, 273.96, 273.96, 454.8, 252.84, 142.2, 228.36, 193.44, 189, 308.16, 7004.76, 220.68, 178.56, 174.36, 200.16, 169.68, 373.92, 0, 187.8, 464.28, 35.4, 163.8, 138.84, 168.48, 274.44, 433.08, 482.4, 307.92, 551.28, 377.76, 633.6, 7173.6, 387.24, 155.4, 288.12, 146.64, 301.44, 186.36, 187.8, 0, 280.2, 152.52, 216.48, 105.24, 136.92, 332.88, 294.24, 299.16, 203.76, 369.84, 226.2, 464.88, 7449, 666.72, 350.4, 514.08, 322.68, 536.4, 101.76, 464.28, 280.2, 0, 429, 477.48, 373.68, 342.48, 502.2, 322.92, 156.24, 256.32, 91.8, 270, 210.24, 7037.76, 251.28, 155.52, 184.08, 174.24, 184.8, 338.52, 35.4, 152.52, 429, 0, 161.76, 113.28, 143.16, 273.72, 405.72, 448.2, 279.6, 516.24, 348.12, 599.88, 6972.48, 217.44, 304.8, 338.16, 315.6, 332.04, 376.08, 163.8, 216.48, 477.48, 161.76, 0, 111.24, 288.48, 435, 331.44, 440.88, 406.56, 569.28, 297.24, 675.48, 7075.44, 296.76, 213.72, 293.52, 218.16, 297, 273.96, 138.84, 105.24, 373.68, 113.28, 111.24, 0, 195.48, 369.84, 294.24, 359.4, 299.76, 465.12, 240.48, 566.88, 7164.84, 388.32, 18.96, 172.92, 31.68, 194.16, 273.96, 168.48, 136.92, 342.48, 143.16, 288.48, 195.48, 0, 196.68, 430.56, 409.08, 140.64, 419.28, 361.44, 482.64, 7130.16, 444, 179.28, 115.56, 197.16, 139.56, 454.8, 274.44, 332.88, 502.2, 273.72, 435, 369.84, 196.68, 0, 627, 595.44, 248.4, 562.2, 558.12, 588.96, 7234.32, 547.92, 448.56, 575.4, 435.6, 583.92, 252.84, 433.08, 294.24, 322.92, 405.72, 331.44, 294.24, 430.56, 627, 0, 189.72, 452.76, 394.56, 71.64, 525.12, 7398.84, 652.44, 422.76, 578.88, 399.96, 595.8, 142.2, 482.4, 299.16, 156.24, 448.2, 440.88, 359.4, 409.08, 595.44, 189.72, 0, 369.6, 210, 162.12, 340.8, 7304.28, 528.36, 135.72, 283.44, 109.2, 310.2, 228.36, 307.92, 203.76, 256.32, 279.6, 406.56, 299.76, 140.64, 248.4, 452.76, 369.6, 0, 313.92, 381.48, 353.76, 7540.56, 756.96, 424.92, 587.28, 396.24, 611.4, 193.44, 551.28, 369.84, 91.8, 516.24, 569.28, 465.12, 419.28, 562.2, 394.56, 210, 313.92, 0, 349.8, 130.92, 7238.28, 514.32, 379.2, 511.2, 365.28, 521.52, 189, 377.76, 226.2, 270, 348.12, 297.24, 240.48, 361.44, 558.12, 71.64, 162.12, 381.48, 349.8, 0, 478.08, 7636.8, 848.52, 483.48, 637.2, 454.68, 663.84, 308.16, 633.6, 464.88, 210.24, 599.88, 675.48, 566.88, 482.64, 588.96, 525.12, 340.8, 353.76, 130.92, 478.08, 0

Time Windows (Depot, 1, ..., N)
0, 480, 404, 434, 0, 480, 0, 480, 0, 480, 0, 480, 0, 480, 399, 429, 0, 480, 0, 480, 0, 480, 0, 480, 0, 480, 0, 480, 0, 480, 0, 480, 0, 480, 0, 480, 0, 480, 0, 480, 0, 480