Instance
HEVTSP 1 20 3 TW 2

Customers
20

Service Time (same as Distance for all Modes: combustion, combustion+charging, electric, combustion+electric) (Depot, 1, ..., N, Depot)
0, 8, 8, 8, 1, 7, 6, 7, 7, 6, 3, 6, 3, 2, 3, 6, 8, 7, 1, 7, 8, 0

Initial Charging
0

Max Charging (in Watt/h)
16800

Charging Rate (in Watt/h)
12000

Discharging Rate (in Watt/h)
48000

Coordinates (Used for GUI, not necessarily related to Distances, Time, Costs)
0, 0, 3070, 2610, 1620, 3730, 1650, 1110, 3850, 470, 2520, 1990, 4520, 3010, 2380, 2250, 2910, 750, 1010, 3410, 3930, 90, 4140, 1470, 2300, 2960, 4490, 1040, 3500, 350, 4600, 2850, 3130, 2960, 4440, 630, 370, 1320, 3490, 1180, 3430, 1010

Distances (Depot-Depot, Depot-1, Depot-..., Depot-N, 1-Depot, 1-1, ..., M-N)
0, 4030, 4067, 1989, 3879, 3211, 5431, 3275, 3005, 3556, 3931, 4393, 3749, 4609, 3517, 5411, 4308, 4484, 1371, 3684, 3576, 4030, 0, 1832, 2066, 2278, 829, 1504, 778, 1867, 2210, 2663, 1563, 846, 2117, 2301, 1549, 355, 2408, 2992, 1490, 1640, 4067, 1832, 0, 2620, 3950, 1959, 2988, 1664, 3247, 689, 4311, 3385, 1027, 3934, 3868, 3107, 1695, 4191, 2715, 3162, 3267, 1989, 2066, 2620, 0, 2291, 1237, 3442, 1354, 1310, 2387, 2498, 2516, 1961, 2841, 2000, 3425, 2369, 2831, 1297, 1841, 1783, 3879, 2278, 3950, 2291, 0, 2020, 2627, 2309, 981, 4088, 388, 1041, 2933, 857, 370, 2495, 2592, 611, 3582, 796, 684, 3211, 829, 1959, 1237, 2020, 0, 2245, 295, 1300, 2073, 2366, 1701, 995, 2187, 1910, 2251, 1146, 2353, 2252, 1264, 1337, 5431, 1504, 2988, 3442, 2627, 2245, 0, 2271, 2775, 3533, 2979, 1586, 2221, 1970, 2849, 179, 1391, 2381, 4481, 2100, 2278, 3275, 778, 1664, 1354, 2309, 295, 2271, 0, 1591, 1795, 2659, 1925, 714, 2432, 2206, 2300, 1033, 2621, 2215, 1542, 1625, 3005, 1867, 3247, 1310, 981, 1300, 2775, 1591, 0, 3269, 1215, 1425, 2293, 1606, 713, 2696, 2221, 1535, 2603, 722, 581, 3556, 2210, 689, 2387, 4088, 2073, 3533, 1795, 3269, 0, 4421, 3682, 1366, 4210, 3945, 3633, 2167, 4415, 2186, 3335, 3408, 3931, 2663, 4311, 2498, 388, 2366, 2979, 2659, 1215, 4421, 0, 1396, 3301, 1103, 502, 2840, 2979, 743, 3766, 1175, 1047, 4393, 1563, 3385, 2516, 1041, 1701, 1586, 1925, 1425, 3682, 1396, 0, 2368, 554, 1290, 1455, 1800, 892, 3773, 712, 846, 3749, 846, 1027, 1961, 2933, 995, 2221, 714, 2293, 1366, 3301, 2368, 0, 2912, 2873, 2303, 830, 3164, 2533, 2141, 2254, 4609, 2117, 3934, 2841, 857, 2187, 1970, 2432, 1606, 4210, 1103, 554, 2912, 0, 1207, 1813, 2353, 413, 4130, 1010, 1060, 3517, 2301, 3868, 2000, 370, 1910, 2849, 2206, 713, 3945, 502, 1290, 2873, 1207, 0, 2731, 2636, 981, 3277, 830, 664, 5411, 1549, 3107, 3425, 2495, 2251, 179, 2300, 2696, 3633, 2840, 1455, 2303, 1813, 2731, 0, 1474, 2226, 4498, 2005, 2180, 4308, 355, 1695, 2369, 2592, 1146, 1391, 1033, 2221, 2167, 2979, 1800, 830, 2353, 2636, 1474, 0, 2673, 3210, 1816, 1973, 4484, 2408, 4191, 2831, 611, 2353, 2381, 2621, 1535, 4415, 743, 892, 3164, 413, 981, 2226, 2673, 0, 4128, 1098, 1079, 1371, 2992, 2715, 1297, 3582, 2252, 4481, 2215, 2603, 2186, 3766, 3773, 2533, 4130, 3277, 4498, 3210, 4128, 0, 3123, 3076, 3684, 1490, 3162, 1841, 796, 1264, 2100, 1542, 722, 3335, 1175, 712, 2141, 1010, 830, 2005, 1816, 1098, 3123, 0, 180, 3576, 1640, 3267, 1783, 684, 1337, 2278, 1625, 581, 3408, 1047, 846, 2254, 1060, 664, 2180, 1973, 1079, 3076, 180, 0

Time (same as Distance for all Modes: combustion, combustion+charging, electric, combustion+electric)
0, 10.08, 10.17, 4.97, 9.7, 8.03, 11.24, 8.19, 7.51, 8.89, 9.83, 10.98, 9.37, 11.52, 8.79, 11.2, 10.77, 11.21, 3.43, 9.21, 8.94, 10.08, 0, 4.58, 5.17, 5.7, 2.93, 3.76, 2.75, 4.67, 5.53, 6.66, 3.91, 2.99, 5.29, 5.75, 3.87, 1.78, 6.02, 7.48, 3.73, 4.1, 10.17, 4.58, 0, 6.55, 9.88, 4.9, 7.47, 4.16, 8.12, 2.43, 10.78, 8.46, 2.57, 9.84, 9.67, 7.77, 4.24, 10.48, 6.79, 7.91, 8.17, 4.97, 5.17, 6.55, 0, 5.73, 3.09, 8.61, 3.39, 3.28, 5.97, 6.25, 6.29, 4.9, 7.1, 5, 8.56, 5.92, 7.08, 3.24, 4.6, 4.46, 9.7, 5.7, 9.88, 5.73, 0, 5.05, 6.57, 5.77, 3.46, 10.22, 1.94, 2.6, 7.33, 3.02, 1.85, 6.24, 6.48, 2.16, 8.96, 2.81, 2.41, 8.03, 2.93, 4.9, 3.09, 5.05, 0, 5.61, 1.48, 3.25, 5.18, 5.92, 4.25, 3.51, 5.47, 4.78, 5.63, 2.87, 5.88, 5.63, 3.16, 3.34, 11.24, 3.76, 7.47, 8.61, 6.57, 5.61, 0, 5.68, 6.94, 8.83, 7.45, 3.97, 5.55, 4.93, 7.12, 0.9, 3.48, 5.95, 11.2, 5.25, 5.7, 8.19, 2.75, 4.16, 3.39, 5.77, 1.48, 5.68, 0, 3.98, 4.49, 6.65, 4.81, 2.52, 6.08, 5.52, 5.75, 2.58, 6.55, 5.54, 3.86, 4.06, 7.51, 4.67, 8.12, 3.28, 3.46, 3.25, 6.94, 3.98, 0, 8.17, 3.04, 3.56, 5.73, 4.02, 2.52, 6.74, 5.55, 3.84, 6.51, 2.55, 2.05, 8.89, 5.53, 2.43, 5.97, 10.22, 5.18, 8.83, 4.49, 8.17, 0, 11.05, 9.21, 3.42, 10.53, 9.86, 9.08, 5.42, 11.04, 5.47, 8.34, 8.52, 9.83, 6.66, 10.78, 6.25, 1.94, 5.92, 7.45, 6.65, 3.04, 11.05, 0, 3.49, 8.25, 2.76, 1.77, 7.1, 7.45, 2.62, 9.42, 2.94, 2.62, 10.98, 3.91, 8.46, 6.29, 2.6, 4.25, 3.97, 4.81, 3.56, 9.21, 3.49, 0, 5.92, 1.96, 3.23, 3.64, 4.5, 3.15, 9.43, 2.51, 2.99, 9.37, 2.99, 2.57, 4.9, 7.33, 3.51, 5.55, 2.52, 5.73, 3.42, 8.25, 5.92, 0, 7.28, 7.18, 5.76, 2.93, 7.91, 6.33, 5.35, 5.64, 11.52, 5.29, 9.84, 7.1, 3.02, 5.47, 4.93, 6.08, 4.02, 10.53, 2.76, 1.96, 7.28, 0, 3.02, 4.53, 5.88, 2.07, 10.33, 2.53, 2.65, 8.79, 5.75, 9.67, 5, 1.85, 4.78, 7.12, 5.52, 2.52, 9.86, 1.77, 3.23, 7.18, 3.02, 0, 6.83, 6.59, 3.46, 8.19, 2.93, 2.34, 11.2, 3.87, 7.77, 8.56, 6.24, 5.63, 0.9, 5.75, 6.74, 9.08, 7.1, 3.64, 5.76, 4.53, 6.83, 0, 3.69, 5.57, 11.25, 5.01, 5.45, 10.77, 1.78, 4.24, 5.92, 6.48, 2.87, 3.48, 2.58, 5.55, 5.42, 7.45, 4.5, 2.93, 5.88, 6.59, 3.69, 0, 6.68, 8.03, 4.54, 4.93, 11.21, 6.02, 10.48, 7.08, 2.16, 5.88, 5.95, 6.55, 3.84, 11.04, 2.62, 3.15, 7.91, 2.07, 3.46, 5.57, 6.68, 0, 10.32, 2.75, 2.7, 3.43, 7.48, 6.79, 3.24, 8.96, 5.63, 11.2, 5.54, 6.51, 5.47, 9.42, 9.43, 6.33, 10.33, 8.19, 11.25, 8.03, 10.32, 0, 7.81, 7.69, 9.21, 3.73, 7.91, 4.6, 2.81, 3.16, 5.25, 3.86, 2.55, 8.34, 2.94, 2.51, 5.35, 2.53, 2.93, 5.01, 4.54, 2.75, 7.81, 0, 0.9, 8.94, 4.1, 8.17, 4.46, 2.41, 3.34, 5.7, 4.06, 2.05, 8.52, 2.62, 2.99, 5.64, 2.65, 2.34, 5.45, 4.93, 2.7, 7.69, 0.9, 0, 0, 10.99, 11.09, 5.42, 10.58, 8.76, 12.53, 8.93, 8.2, 9.7, 10.72, 11.98, 10.22, 12.57, 9.59, 12.49, 11.75, 12.23, 3.74, 10.05, 9.75, 10.99, 0, 5, 5.63, 6.21, 3.11, 4.1, 2.92, 5.09, 6.03, 7.26, 4.26, 3.17, 5.77, 6.28, 4.22, 1.94, 6.57, 8.16, 4.06, 4.47, 11.09, 5, 0, 7.15, 10.77, 5.34, 8.15, 4.54, 8.86, 2.58, 11.76, 9.23, 2.8, 10.73, 10.55, 8.47, 4.62, 11.43, 7.4, 8.62, 8.91, 5.42, 5.63, 7.15, 0, 6.25, 3.37, 9.39, 3.69, 3.57, 6.51, 6.81, 6.86, 5.35, 7.75, 5.45, 9.34, 6.46, 7.72, 3.54, 5.02, 4.86, 10.58, 6.21, 10.77, 6.25, 0, 5.51, 7.16, 6.3, 3.68, 11.15, 2.12, 2.84, 8, 3.21, 2.02, 6.8, 7.07, 2.29, 9.77, 2.99, 2.57, 8.76, 3.11, 5.34, 3.37, 5.51, 0, 6.12, 1.61, 3.55, 5.65, 6.45, 4.64, 3.73, 5.96, 5.21, 6.14, 3.13, 6.42, 6.14, 3.45, 3.65, 12.53, 4.1, 8.15, 9.39, 7.16, 6.12, 0, 6.19, 7.57, 9.64, 8.12, 4.33, 6.06, 5.37, 7.77, 0.98, 3.79, 6.49, 12.22, 5.73, 6.21, 8.93, 2.92, 4.54, 3.69, 6.3, 1.61, 6.19, 0, 4.34, 4.9, 7.25, 5.25, 2.68, 6.63, 6.02, 6.27, 2.82, 7.15, 6.04, 4.21, 4.43, 8.2, 5.09, 8.86, 3.57, 3.68, 3.55, 7.57, 4.34, 0, 8.92, 3.31, 3.89, 6.25, 4.38, 2.67, 7.35, 6.06, 4.19, 7.1, 2.71, 2.18, 9.7, 6.03, 2.58, 6.51, 11.15, 5.65, 9.64, 4.9, 8.92, 0, 12.06, 10.04, 3.73, 11.48, 10.76, 9.91, 5.91, 12.04, 5.96, 9.1, 9.29, 10.72, 7.26, 11.76, 6.81, 2.12, 6.45, 8.12, 7.25, 3.31, 12.06, 0, 3.81, 9, 3.01, 1.88, 7.75, 8.12, 2.79, 10.27, 3.2, 2.86, 11.98, 4.26, 9.23, 6.86, 2.84, 4.64, 4.33, 5.25, 3.89, 10.04, 3.81, 0, 6.46, 2.08, 3.52, 3.97, 4.91, 3.35, 10.29, 2.67, 3.17, 10.22, 3.17, 2.8, 5.35, 8, 3.73, 6.06, 2.68, 6.25, 3.73, 9, 6.46, 0, 7.94, 7.84, 6.28, 3.11, 8.63, 6.91, 5.84, 6.15, 12.57, 5.77, 10.73, 7.75, 3.21, 5.96, 5.37, 6.63, 4.38, 11.48, 3.01, 2.08, 7.94, 0, 3.29, 4.94, 6.42, 2.25, 11.26, 2.75, 2.89, 9.59, 6.28, 10.55, 5.45, 2.02, 5.21, 7.77, 6.02, 2.67, 10.76, 1.88, 3.52, 7.84, 3.29, 0, 7.45, 7.19, 3.68, 8.94, 3.11, 2.49, 12.49, 4.22, 8.47, 9.34, 6.8, 6.14, 0.98, 6.27, 7.35, 9.91, 7.75, 3.97, 6.28, 4.94, 7.45, 0, 4.02, 6.07, 12.27, 5.47, 5.95, 11.75, 1.94, 4.62, 6.46, 7.07, 3.13, 3.79, 2.82, 6.06, 5.91, 8.12, 4.91, 3.11, 6.42, 7.19, 4.02, 0, 7.29, 8.75, 4.95, 5.38, 12.23, 6.57, 11.43, 7.72, 2.29, 6.42, 6.49, 7.15, 4.19, 12.04, 2.79, 3.35, 8.63, 2.25, 3.68, 6.07, 7.29, 0, 11.26, 2.99, 2.94, 3.74, 8.16, 7.4, 3.54, 9.77, 6.14, 12.22, 6.04, 7.1, 5.96, 10.27, 10.29, 6.91, 11.26, 8.94, 12.27, 8.75, 11.26, 0, 8.52, 8.39, 10.05, 4.06, 8.62, 5.02, 2.99, 3.45, 5.73, 4.21, 2.71, 9.1, 3.2, 2.67, 5.84, 2.75, 3.11, 5.47, 4.95, 2.99, 8.52, 0, 0.98, 9.75, 4.47, 8.91, 4.86, 2.57, 3.65, 6.21, 4.43, 2.18, 9.29, 2.86, 3.17, 6.15, 2.89, 2.49, 5.95, 5.38, 2.94, 8.39, 0.98, 0, 0, 12.09, 12.2, 5.97, 11.64, 9.63, 14.17, 9.83, 9.02, 10.67, 11.79, 13.18, 11.25, 13.83, 10.55, 14.12, 12.92, 13.45, 4.11, 11.05, 10.73, 12.09, 0, 5.5, 6.2, 6.83, 3.32, 4.51, 3.11, 5.6, 6.63, 7.99, 4.69, 3.38, 6.35, 6.9, 4.65, 2.13, 7.22, 8.98, 4.47, 4.92, 12.2, 5.5, 0, 7.86, 11.85, 5.88, 8.96, 4.99, 9.74, 2.76, 12.93, 10.16, 3.08, 11.8, 11.6, 9.32, 5.09, 12.57, 8.15, 9.49, 9.8, 5.97, 6.2, 7.86, 0, 6.87, 3.71, 10.33, 4.06, 3.93, 7.16, 7.49, 7.55, 5.88, 8.52, 6, 10.28, 7.11, 8.49, 3.89, 5.52, 5.35, 11.64, 6.83, 11.85, 6.87, 0, 6.06, 7.88, 6.93, 3.92, 12.26, 2.33, 3.12, 8.8, 3.43, 2.22, 7.49, 7.78, 2.44, 10.75, 3.18, 2.74, 9.63, 3.32, 5.88, 3.71, 6.06, 0, 6.74, 1.77, 3.9, 6.22, 7.1, 5.1, 3.98, 6.56, 5.73, 6.75, 3.44, 7.06, 6.76, 3.79, 4.01, 14.17, 4.51, 8.96, 10.33, 7.88, 6.74, 0, 6.81, 8.33, 10.6, 8.94, 4.76, 6.66, 5.91, 8.55, 1.07, 4.17, 7.14, 13.44, 6.3, 6.83, 9.83, 3.11, 4.99, 4.06, 6.93, 1.77, 6.81, 0, 4.77, 5.39, 7.98, 5.78, 2.86, 7.3, 6.62, 6.9, 3.1, 7.86, 6.65, 4.63, 4.88, 9.02, 5.6, 9.74, 3.93, 3.92, 3.9, 8.33, 4.77, 0, 9.81, 3.65, 4.28, 6.88, 4.82, 2.85, 8.09, 6.66, 4.61, 7.81, 2.89, 2.32, 10.67, 6.63, 2.76, 7.16, 12.26, 6.22, 10.6, 5.39, 9.81, 0, 13.26, 11.05, 4.1, 12.63, 11.84, 10.9, 6.5, 13.25, 6.56, 10.01, 10.22, 11.79, 7.99, 12.93, 7.49, 2.33, 7.1, 8.94, 7.98, 3.65, 13.26, 0, 4.19, 9.9, 3.31, 2.01, 8.52, 8.94, 2.97, 11.3, 3.53, 3.14, 13.18, 4.69, 10.16, 7.55, 3.12, 5.1, 4.76, 5.78, 4.28, 11.05, 4.19, 0, 7.1, 2.22, 3.87, 4.37, 5.4, 3.57, 11.32, 2.85, 3.38, 11.25, 3.38, 3.08, 5.88, 8.8, 3.98, 6.66, 2.86, 6.88, 4.1, 9.9, 7.1, 0, 8.74, 8.62, 6.91, 3.32, 9.49, 7.6, 6.42, 6.76, 13.83, 6.35, 11.8, 8.52, 3.43, 6.56, 5.91, 7.3, 4.82, 12.63, 3.31, 2.22, 8.74, 0, 3.62, 5.44, 7.06, 2.48, 12.39, 3.03, 3.18, 10.55, 6.9, 11.6, 6, 2.22, 5.73, 8.55, 6.62, 2.85, 11.84, 2.01, 3.87, 8.62, 3.62, 0, 8.19, 7.91, 3.92, 9.83, 3.32, 2.66, 14.12, 4.65, 9.32, 10.28, 7.49, 6.75, 1.07, 6.9, 8.09, 10.9, 8.52, 4.37, 6.91, 5.44, 8.19, 0, 4.42, 6.68, 13.49, 6.02, 6.54, 12.92, 2.13, 5.09, 7.11, 7.78, 3.44, 4.17, 3.1, 6.66, 6.5, 8.94, 5.4, 3.32, 7.06, 7.91, 4.42, 0, 8.02, 9.63, 5.45, 5.92, 13.45, 7.22, 12.57, 8.49, 2.44, 7.06, 7.14, 7.86, 4.61, 13.25, 2.97, 3.57, 9.49, 2.48, 3.92, 6.68, 8.02, 0, 12.38, 3.29, 3.24, 4.11, 8.98, 8.15, 3.89, 10.75, 6.76, 13.44, 6.65, 7.81, 6.56, 11.3, 11.32, 7.6, 12.39, 9.83, 13.49, 9.63, 12.38, 0, 9.37, 9.23, 11.05, 4.47, 9.49, 5.52, 3.18, 3.79, 6.3, 4.63, 2.89, 10.01, 3.53, 2.85, 6.42, 3.03, 3.32, 6.02, 5.45, 3.29, 9.37, 0, 1.08, 10.73, 4.92, 9.8, 5.35, 2.74, 4.01, 6.83, 4.88, 2.32, 10.22, 3.14, 3.38, 6.76, 3.18, 2.66, 6.54, 5.92, 3.24, 9.23, 1.08, 0, 0, 9.3, 9.39, 4.59, 8.95, 7.41, 9.58, 7.56, 6.93, 8.21, 9.07, 10.14, 8.65, 10.64, 8.12, 9.55, 9.94, 10.35, 3.16, 8.5, 8.25, 9.3, 0, 4.23, 4.77, 5.26, 2.76, 3.47, 2.59, 4.31, 5.1, 6.15, 3.61, 2.82, 4.89, 5.31, 3.57, 1.64, 5.56, 6.9, 3.44, 3.78, 9.39, 4.23, 0, 6.05, 9.12, 4.52, 6.9, 3.84, 7.49, 2.3, 9.95, 7.81, 2.37, 9.08, 8.93, 7.17, 3.91, 9.67, 6.27, 7.3, 7.54, 4.59, 4.77, 6.05, 0, 5.29, 2.85, 7.94, 3.12, 3.02, 5.51, 5.76, 5.81, 4.53, 6.56, 4.62, 7.9, 5.47, 6.53, 2.99, 4.25, 4.11, 8.95, 5.26, 9.12, 5.29, 0, 4.66, 6.06, 5.33, 3.27, 9.43, 1.79, 2.4, 6.77, 2.86, 1.71, 5.76, 5.98, 2.04, 8.27, 2.65, 2.28, 7.41, 2.76, 4.52, 2.85, 4.66, 0, 5.18, 1.36, 3, 4.78, 5.46, 3.93, 3.32, 5.05, 4.41, 5.19, 2.64, 5.43, 5.2, 2.92, 3.09, 9.58, 3.47, 6.9, 7.94, 6.06, 5.18, 0, 5.24, 6.4, 8.15, 6.87, 3.66, 5.13, 4.55, 6.57, 0.83, 3.21, 5.49, 10.34, 4.85, 5.26, 7.56, 2.59, 3.84, 3.12, 5.33, 1.36, 5.24, 0, 3.67, 4.14, 6.14, 4.44, 2.38, 5.61, 5.09, 5.31, 2.38, 6.05, 5.11, 3.56, 3.75, 6.93, 4.31, 7.49, 3.02, 3.27, 3, 6.4, 3.67, 0, 7.54, 2.8, 3.29, 5.29, 3.71, 2.38, 6.22, 5.13, 3.54, 6.01, 2.41, 1.94, 8.21, 5.1, 2.3, 5.51, 9.43, 4.78, 8.15, 4.14, 7.54, 0, 10.2, 8.5, 3.15, 9.72, 9.1, 8.38, 5, 10.19, 5.04, 7.7, 7.86, 9.07, 6.15, 9.95, 5.76, 1.79, 5.46, 6.87, 6.14, 2.8, 10.2, 0, 3.22, 7.62, 2.55, 1.67, 6.55, 6.87, 2.48, 8.69, 2.71, 2.42, 10.14, 3.61, 7.81, 5.81, 2.4, 3.93, 3.66, 4.44, 3.29, 8.5, 3.22, 0, 5.46, 1.85, 2.98, 3.36, 4.15, 2.97, 8.71, 2.37, 2.82, 8.65, 2.82, 2.37, 4.53, 6.77, 3.32, 5.13, 2.38, 5.29, 3.15, 7.62, 5.46, 0, 6.72, 6.63, 5.31, 2.77, 7.3, 5.85, 4.94, 5.2, 10.64, 4.89, 9.08, 6.56, 2.86, 5.05, 4.55, 5.61, 3.71, 9.72, 2.55, 1.85, 6.72, 0, 2.79, 4.18, 5.43, 1.91, 9.53, 2.33, 2.45, 8.12, 5.31, 8.93, 4.62, 1.71, 4.41, 6.57, 5.09, 2.38, 9.1, 1.67, 2.98, 6.63, 2.79, 0, 6.3, 6.08, 3.27, 7.56, 2.77, 2.21, 9.55, 3.57, 7.17, 7.9, 5.76, 5.19, 0.83, 5.31, 6.22, 8.38, 6.55, 3.36, 5.31, 4.18, 6.3, 0, 3.4, 5.14, 10.38, 4.63, 5.03, 9.94, 1.64, 3.91, 5.47, 5.98, 2.64, 3.21, 2.38, 5.13, 5, 6.87, 4.15, 2.77, 5.43, 6.08, 3.4, 0, 6.17, 7.41, 4.19, 4.55, 10.35, 5.56, 9.67, 6.53, 2.04, 5.43, 5.49, 6.05, 3.54, 10.19, 2.48, 2.97, 7.3, 1.91, 3.27, 5.14, 6.17, 0, 9.53, 2.53, 2.49, 3.16, 6.9, 6.27, 2.99, 8.27, 5.2, 10.34, 5.11, 6.01, 5.04, 8.69, 8.71, 5.85, 9.53, 7.56, 10.38, 7.41, 9.53, 0, 7.21, 7.1, 8.5, 3.44, 7.3, 4.25, 2.65, 2.92, 4.85, 3.56, 2.41, 7.7, 2.71, 2.37, 4.94, 2.33, 2.77, 4.63, 4.19, 2.53, 7.21, 0, 0.83, 8.25, 3.78, 7.54, 4.11, 2.28, 3.09, 5.26, 3.75, 1.94, 7.86, 2.42, 2.82, 5.2, 2.45, 2.21, 5.03, 4.55, 2.49, 7.1, 0.83, 0

Costs (same as Distance for all Modes: combustion, combustion+charging, electric, combustion+electric)
0, 402.95, 406.66, 198.86, 387.86, 321.1, 543.05, 327.52, 300.51, 355.64, 393.1, 439.32, 374.85, 460.89, 351.75, 541.13, 430.8, 448.45, 137.09, 368.41, 357.56, 402.95, 0, 183.22, 206.55, 227.77, 82.88, 150.42, 77.83, 186.69, 220.99, 266.27, 156.35, 84.58, 211.69, 230.05, 154.87, 35.51, 240.78, 299.23, 149.04, 164, 406.66, 183.22, 0, 262.02, 394.97, 195.9, 298.8, 166.37, 324.72, 68.88, 431.11, 338.5, 102.73, 393.36, 386.77, 310.72, 169.5, 419.08, 271.49, 316.22, 326.72, 198.86, 206.55, 262.02, 0, 229.12, 123.75, 344.19, 135.37, 131.04, 238.74, 249.78, 251.59, 196.09, 284.09, 200, 342.49, 236.92, 283.1, 129.71, 184.13, 178.28, 387.86, 227.77, 394.97, 229.12, 0, 201.97, 262.69, 230.85, 98.08, 408.77, 38.83, 104.12, 293.3, 85.7, 37, 249.54, 259.2, 61.13, 358.23, 79.61, 68.41, 321.1, 82.88, 195.9, 123.75, 201.97, 0, 224.51, 29.53, 129.99, 207.28, 236.6, 170.14, 99.46, 218.71, 191.05, 225.08, 114.59, 235.29, 225.2, 126.37, 133.73, 543.05, 150.42, 298.8, 344.19, 262.69, 224.51, 0, 227.09, 277.48, 353.27, 297.9, 158.62, 222.06, 197.02, 284.89, 17.89, 139.09, 238.13, 448.09, 210, 227.77, 327.52, 77.83, 166.37, 135.37, 230.85, 29.53, 227.09, 0, 159.09, 179.51, 265.86, 192.51, 71.45, 243.23, 220.55, 229.97, 103.28, 262.07, 221.47, 154.18, 162.48, 300.51, 186.69, 324.72, 131.04, 98.08, 129.99, 277.48, 159.09, 0, 326.89, 121.49, 142.52, 229.26, 160.64, 71.28, 269.56, 222.09, 153.47, 260.32, 72.2, 58.14, 355.64, 220.99, 68.88, 238.74, 408.77, 207.28, 353.27, 179.51, 326.89, 0, 442.14, 368.25, 136.62, 421.04, 394.51, 363.34, 216.72, 441.51, 218.58, 333.52, 340.83, 393.1, 266.27, 431.11, 249.78, 38.83, 236.6, 297.9, 265.86, 121.49, 442.14, 0, 139.59, 330.06, 110.28, 50.25, 284.02, 297.94, 74.28, 376.65, 117.55, 104.71, 439.32, 156.35, 338.5, 251.59, 104.12, 170.14, 158.62, 192.51, 142.52, 368.25, 139.59, 0, 236.76, 55.44, 129, 145.46, 180.01, 89.2, 377.3, 71.18, 84.6, 374.85, 84.58, 102.73, 196.09, 293.3, 99.46, 222.06, 71.45, 229.26, 136.62, 330.06, 236.76, 0, 291.25, 287.26, 230.26, 83, 316.36, 253.27, 214.11, 225.38, 460.89, 211.69, 393.36, 284.09, 85.7, 218.71, 197.02, 243.23, 160.64, 421.04, 110.28, 55.44, 291.25, 0, 120.67, 181.33, 235.29, 41.3, 412.95, 100.98, 106.04, 351.75, 230.05, 386.77, 200, 37, 191.05, 284.89, 220.55, 71.28, 394.51, 50.25, 129, 287.26, 120.67, 0, 273.13, 263.61, 98.08, 327.69, 83.01, 66.37, 541.13, 154.87, 310.72, 342.49, 249.54, 225.08, 17.89, 229.97, 269.56, 363.34, 284.02, 145.46, 230.26, 181.33, 273.13, 0, 147.41, 222.58, 449.82, 200.52, 218.05, 430.8, 35.51, 169.5, 236.92, 259.2, 114.59, 139.09, 103.28, 222.09, 216.72, 297.94, 180.01, 83, 235.29, 263.61, 147.41, 0, 267.3, 321.05, 181.6, 197.29, 448.45, 240.78, 419.08, 283.1, 61.13, 235.29, 238.13, 262.07, 153.47, 441.51, 74.28, 89.2, 316.36, 41.3, 98.08, 222.58, 267.3, 0, 412.81, 109.77, 107.91, 137.09, 299.23, 271.49, 129.71, 358.23, 225.2, 448.09, 221.47, 260.32, 218.58, 376.65, 377.3, 253.27, 412.95, 327.69, 449.82, 321.05, 412.81, 0, 312.31, 307.57, 368.41, 149.04, 316.22, 184.13, 79.61, 126.37, 210, 154.18, 72.2, 333.52, 117.55, 71.18, 214.11, 100.98, 83.01, 200.52, 181.6, 109.77, 312.31, 0, 18.03, 357.56, 164, 326.72, 178.28, 68.41, 133.73, 227.77, 162.48, 58.14, 340.83, 104.71, 84.6, 225.38, 106.04, 66.37, 218.05, 197.29, 107.91, 307.57, 18.03, 0, 0, 443.3, 447.37, 218.79, 426.69, 353.21, 597.41, 360.25, 330.55, 391.16, 432.41, 483.23, 412.39, 506.99, 386.87, 595.21, 473.88, 493.24, 150.81, 405.24, 393.36, 443.3, 0, 201.52, 227.26, 250.58, 91.19, 165.44, 85.58, 205.37, 243.1, 292.93, 171.93, 93.06, 232.87, 253.11, 170.39, 39.05, 264.88, 329.12, 163.9, 180.4, 447.37, 201.52, 0, 288.2, 434.5, 215.49, 328.68, 183.04, 357.17, 75.79, 474.21, 372.35, 112.97, 432.74, 425.48, 341.77, 186.45, 461.01, 298.65, 347.82, 359.37, 218.79, 227.26, 288.2, 0, 252.01, 136.07, 378.62, 148.94, 144.1, 262.57, 274.78, 276.76, 215.71, 312.51, 220, 376.75, 260.59, 311.41, 142.67, 202.51, 196.13, 426.69, 250.58, 434.5, 252.01, 0, 222.2, 288.97, 253.99, 107.91, 449.68, 42.68, 114.51, 322.63, 94.27, 40.7, 274.45, 285.12, 67.21, 394.02, 87.56, 75.24, 353.21, 91.19, 215.49, 136.07, 222.2, 0, 246.95, 32.45, 143, 228.03, 260.26, 187.11, 109.45, 240.57, 210.1, 247.61, 126.06, 258.83, 247.72, 139.04, 147.07, 597.41, 165.44, 328.68, 378.62, 288.97, 246.95, 0, 249.81, 305.25, 388.63, 327.69, 174.46, 244.31, 216.7, 313.39, 19.69, 153.01, 261.91, 492.91, 231, 250.58, 360.25, 85.58, 183.04, 148.94, 253.99, 32.45, 249.81, 0, 175.01, 197.45, 292.49, 211.75, 78.54, 267.52, 242.66, 253, 113.63, 288.31, 243.65, 169.62, 178.75, 330.55, 205.37, 357.17, 144.1, 107.91, 143, 305.25, 175.01, 0, 359.59, 133.65, 156.75, 252.23, 176.66, 78.43, 296.56, 244.31, 168.85, 286.33, 79.42, 63.91, 391.16, 243.1, 75.79, 262.57, 449.68, 228.03, 388.63, 197.45, 359.59, 0, 486.31, 405.02, 150.26, 463.1, 433.95, 399.63, 238.37, 485.65, 240.46, 366.85, 374.88, 432.41, 292.93, 474.21, 274.78, 42.68, 260.26, 327.69, 292.49, 133.65, 486.31, 0, 153.56, 363.11, 121.33, 55.22, 312.4, 327.69, 81.73, 414.26, 129.25, 115.17, 483.23, 171.93, 372.35, 276.76, 114.51, 187.11, 174.46, 211.75, 156.75, 405.02, 153.56, 0, 260.48, 60.94, 141.9, 160.05, 198, 98.12, 415.03, 78.32, 93.06, 412.39, 93.06, 112.97, 215.71, 322.63, 109.45, 244.31, 78.54, 252.23, 150.26, 363.11, 260.48, 0, 320.32, 316.03, 253.33, 91.3, 348.04, 278.63, 235.51, 247.94, 506.99, 232.87, 432.74, 312.51, 94.27, 240.57, 216.7, 267.52, 176.66, 463.1, 121.33, 60.94, 320.32, 0, 132.77, 199.43, 258.83, 45.43, 454.3, 111.1, 116.6, 386.87, 253.11, 425.48, 220, 40.7, 210.1, 313.39, 242.66, 78.43, 433.95, 55.22, 141.9, 316.03, 132.77, 0, 300.41, 289.96, 107.91, 360.47, 91.3, 73.04, 595.21, 170.39, 341.77, 376.75, 274.45, 247.61, 19.69, 253, 296.56, 399.63, 312.4, 160.05, 253.33, 199.43, 300.41, 0, 162.14, 244.86, 494.78, 220.55, 239.8, 473.88, 39.05, 186.45, 260.59, 285.12, 126.06, 153.01, 113.63, 244.31, 238.37, 327.69, 198, 91.3, 258.83, 289.96, 162.14, 0, 294.03, 353.1, 199.76, 217.03, 493.24, 264.88, 461.01, 311.41, 67.21, 258.83, 261.91, 288.31, 168.85, 485.65, 81.73, 98.12, 348.04, 45.43, 107.91, 244.86, 294.03, 0, 454.08, 120.78, 118.69, 150.81, 329.12, 298.65, 142.67, 394.02, 247.72, 492.91, 243.65, 286.33, 240.46, 414.26, 415.03, 278.63, 454.3, 360.47, 494.78, 353.1, 454.08, 0, 343.53, 338.36, 405.24, 163.9, 347.82, 202.51, 87.56, 139.04, 231, 169.62, 79.42, 366.85, 129.25, 78.32, 235.51, 111.1, 91.3, 220.55, 199.76, 120.78, 343.53, 0, 19.8, 393.36, 180.4, 359.37, 196.13, 75.24, 147.07, 250.58, 178.75, 63.91, 374.88, 115.17, 93.06, 247.94, 116.6, 73.04, 239.8, 217.03, 118.69, 338.36, 19.8, 0, 0, 80.6, 81.34, 39.78, 77.58, 64.22, 108.62, 65.5, 60.1, 71.12, 78.62, 87.86, 74.98, 92.18, 70.34, 108.22, 86.16, 89.68, 27.42, 73.68, 71.52, 80.6, 0, 36.64, 41.32, 45.56, 16.58, 30.08, 15.56, 37.34, 44.2, 53.26, 31.26, 16.92, 42.34, 46.02, 30.98, 7.1, 48.16, 59.84, 29.8, 32.8, 81.34, 36.64, 0, 52.4, 79, 39.18, 59.76, 33.28, 64.94, 13.78, 86.22, 67.7, 20.54, 78.68, 77.36, 62.14, 33.9, 83.82, 54.3, 63.24, 65.34, 39.78, 41.32, 52.4, 0, 45.82, 24.74, 68.84, 27.08, 26.2, 47.74, 49.96, 50.32, 39.22, 56.82, 40, 68.5, 47.38, 56.62, 25.94, 36.82, 35.66, 77.58, 45.56, 79, 45.82, 0, 40.4, 52.54, 46.18, 19.62, 81.76, 7.76, 20.82, 58.66, 17.14, 7.4, 49.9, 51.84, 12.22, 71.64, 15.92, 13.68, 64.22, 16.58, 39.18, 24.74, 40.4, 0, 44.9, 5.9, 26, 41.46, 47.32, 34.02, 19.9, 43.74, 38.2, 45.02, 22.92, 47.06, 45.04, 25.28, 26.74, 108.62, 30.08, 59.76, 68.84, 52.54, 44.9, 0, 45.42, 55.5, 70.66, 59.58, 31.72, 44.42, 39.4, 56.98, 3.58, 27.82, 47.62, 89.62, 42, 45.56, 65.5, 15.56, 33.28, 27.08, 46.18, 5.9, 45.42, 0, 31.82, 35.9, 53.18, 38.5, 14.28, 48.64, 44.12, 46, 20.66, 52.42, 44.3, 30.84, 32.5, 60.1, 37.34, 64.94, 26.2, 19.62, 26, 55.5, 31.82, 0, 65.38, 24.3, 28.5, 45.86, 32.12, 14.26, 53.92, 44.42, 30.7, 52.06, 14.44, 11.62, 71.12, 44.2, 13.78, 47.74, 81.76, 41.46, 70.66, 35.9, 65.38, 0, 88.42, 73.64, 27.32, 84.2, 78.9, 72.66, 43.34, 88.3, 43.72, 66.7, 68.16, 78.62, 53.26, 86.22, 49.96, 7.76, 47.32, 59.58, 53.18, 24.3, 88.42, 0, 27.92, 66.02, 22.06, 10.04, 56.8, 59.58, 14.86, 75.32, 23.5, 20.94, 87.86, 31.26, 67.7, 50.32, 20.82, 34.02, 31.72, 38.5, 28.5, 73.64, 27.92, 0, 47.36, 11.08, 25.8, 29.1, 36, 17.84, 75.46, 14.24, 16.92, 74.98, 16.92, 20.54, 39.22, 58.66, 19.9, 44.42, 14.28, 45.86, 27.32, 66.02, 47.36, 0, 58.24, 57.46, 46.06, 16.6, 63.28, 50.66, 42.82, 45.08, 92.18, 42.34, 78.68, 56.82, 17.14, 43.74, 39.4, 48.64, 32.12, 84.2, 22.06, 11.08, 58.24, 0, 24.14, 36.26, 47.06, 8.26, 82.6, 20.2, 21.2, 70.34, 46.02, 77.36, 40, 7.4, 38.2, 56.98, 44.12, 14.26, 78.9, 10.04, 25.8, 57.46, 24.14, 0, 54.62, 52.72, 19.62, 65.54, 16.6, 13.28, 108.22, 30.98, 62.14, 68.5, 49.9, 45.02, 3.58, 46, 53.92, 72.66, 56.8, 29.1, 46.06, 36.26, 54.62, 0, 29.48, 44.52, 89.96, 40.1, 43.6, 86.16, 7.1, 33.9, 47.38, 51.84, 22.92, 27.82, 20.66, 44.42, 43.34, 59.58, 36, 16.6, 47.06, 52.72, 29.48, 0, 53.46, 64.2, 36.32, 39.46, 89.68, 48.16, 83.82, 56.62, 12.22, 47.06, 47.62, 52.42, 30.7, 88.3, 14.86, 17.84, 63.28, 8.26, 19.62, 44.52, 53.46, 0, 82.56, 21.96, 21.58, 27.42, 59.84, 54.3, 25.94, 71.64, 45.04, 89.62, 44.3, 52.06, 43.72, 75.32, 75.46, 50.66, 82.6, 65.54, 89.96, 64.2, 82.56, 0, 62.46, 61.52, 73.68, 29.8, 63.24, 36.82, 15.92, 25.28, 42, 30.84, 14.44, 66.7, 23.5, 14.24, 42.82, 20.2, 16.6, 40.1, 36.32, 21.96, 62.46, 0, 3.6, 71.52, 32.8, 65.34, 35.66, 13.68, 26.74, 45.56, 32.5, 11.62, 68.16, 20.94, 16.92, 45.08, 21.2, 13.28, 43.6, 39.46, 21.58, 61.52, 3.6, 0, 0, 483.6, 488.04, 238.68, 465.48, 385.32, 651.72, 393, 360.6, 426.72, 471.72, 527.16, 449.88, 553.08, 422.04, 649.32, 516.96, 538.08, 164.52, 442.08, 429.12, 483.6, 0, 219.84, 247.92, 273.36, 99.48, 180.48, 93.36, 224.04, 265.2, 319.56, 187.56, 101.52, 254.04, 276.12, 185.88, 42.6, 288.96, 359.04, 178.8, 196.8, 488.04, 219.84, 0, 314.4, 474, 235.08, 358.56, 199.68, 389.64, 82.68, 517.32, 406.2, 123.24, 472.08, 464.16, 372.84, 203.4, 502.92, 325.8, 379.44, 392.04, 238.68, 247.92, 314.4, 0, 274.92, 148.44, 413.04, 162.48, 157.2, 286.44, 299.76, 301.92, 235.32, 340.92, 240, 411, 284.28, 339.72, 155.64, 220.92, 213.96, 465.48, 273.36, 474, 274.92, 0, 242.4, 315.24, 277.08, 117.72, 490.56, 46.56, 124.92, 351.96, 102.84, 44.4, 299.4, 311.04, 73.32, 429.84, 95.52, 82.08, 385.32, 99.48, 235.08, 148.44, 242.4, 0, 269.4, 35.4, 156, 248.76, 283.92, 204.12, 119.4, 262.44, 229.2, 270.12, 137.52, 282.36, 270.24, 151.68, 160.44, 651.72, 180.48, 358.56, 413.04, 315.24, 269.4, 0, 272.52, 333, 423.96, 357.48, 190.32, 266.52, 236.4, 341.88, 21.48, 166.92, 285.72, 537.72, 252, 273.36, 393, 93.36, 199.68, 162.48, 277.08, 35.4, 272.52, 0, 190.92, 215.4, 319.08, 231, 85.68, 291.84, 264.72, 276, 123.96, 314.52, 265.8, 185.04, 195, 360.6, 224.04, 389.64, 157.2, 117.72, 156, 333, 190.92, 0, 392.28, 145.8, 171, 275.16, 192.72, 85.56, 323.52, 266.52, 184.2, 312.36, 86.64, 69.72, 426.72, 265.2, 82.68, 286.44, 490.56, 248.76, 423.96, 215.4, 392.28, 0, 530.52, 441.84, 163.92, 505.2, 473.4, 435.96, 260.04, 529.8, 262.32, 400.2, 408.96, 471.72, 319.56, 517.32, 299.76, 46.56, 283.92, 357.48, 319.08, 145.8, 530.52, 0, 167.52, 396.12, 132.36, 60.24, 340.8, 357.48, 89.16, 451.92, 141, 125.64, 527.16, 187.56, 406.2, 301.92, 124.92, 204.12, 190.32, 231, 171, 441.84, 167.52, 0, 284.16, 66.48, 154.8, 174.6, 216, 107.04, 452.76, 85.44, 101.52, 449.88, 101.52, 123.24, 235.32, 351.96, 119.4, 266.52, 85.68, 275.16, 163.92, 396.12, 284.16, 0, 349.44, 344.76, 276.36, 99.6, 379.68, 303.96, 256.92, 270.48, 553.08, 254.04, 472.08, 340.92, 102.84, 262.44, 236.4, 291.84, 192.72, 505.2, 132.36, 66.48, 349.44, 0, 144.84, 217.56, 282.36, 49.56, 495.6, 121.2, 127.2, 422.04, 276.12, 464.16, 240, 44.4, 229.2, 341.88, 264.72, 85.56, 473.4, 60.24, 154.8, 344.76, 144.84, 0, 327.72, 316.32, 117.72, 393.24, 99.6, 79.68, 649.32, 185.88, 372.84, 411, 299.4, 270.12, 21.48, 276, 323.52, 435.96, 340.8, 174.6, 276.36, 217.56, 327.72, 0, 176.88, 267.12, 539.76, 240.6, 261.6, 516.96, 42.6, 203.4, 284.28, 311.04, 137.52, 166.92, 123.96, 266.52, 260.04, 357.48, 216, 99.6, 282.36, 316.32, 176.88, 0, 320.76, 385.2, 217.92, 236.76, 538.08, 288.96, 502.92, 339.72, 73.32, 282.36, 285.72, 314.52, 184.2, 529.8, 89.16, 107.04, 379.68, 49.56, 117.72, 267.12, 320.76, 0, 495.36, 131.76, 129.48, 164.52, 359.04, 325.8, 155.64, 429.84, 270.24, 537.72, 265.8, 312.36, 262.32, 451.92, 452.76, 303.96, 495.6, 393.24, 539.76, 385.2, 495.36, 0, 374.76, 369.12, 442.08, 178.8, 379.44, 220.92, 95.52, 151.68, 252, 185.04, 86.64, 400.2, 141, 85.44, 256.92, 121.2, 99.6, 240.6, 217.92, 131.76, 374.76, 0, 21.6, 429.12, 196.8, 392.04, 213.96, 82.08, 160.44, 273.36, 195, 69.72, 408.96, 125.64, 101.52, 270.48, 127.2, 79.68, 261.6, 236.76, 129.48, 369.12, 21.6, 0

Time Windows (Depot, 1, ..., N)
0, 480, 126, 156, 176, 206, 12, 42, 69, 99, 127, 157, 95, 125, 143, 173, 13, 43, 0, 480, 59, 89, 67, 97, 139, 169, 85, 115, 43, 73, 106, 136, 119, 149, 51, 81, 0, 480, 39, 69, 35, 65