Instance
HEVTSP 2 20 1 TW 1

Customers
20

Service Time (same as Distance for all Modes: combustion, combustion+charging, electric, combustion+electric) (Depot, 1, ..., N, Depot)
0, 10, 2, 1, 3, 5, 3, 7, 1, 6, 1, 6, 9, 8, 2, 5, 9, 5, 9, 10, 3, 0

Initial Charging
0

Max Charging (in Watt/h)
16800

Charging Rate (in Watt/h)
12000

Discharging Rate (in Watt/h)
48000

Coordinates (Used for GUI, not necessarily related to Distances, Time, Costs)
0, 0, 20000, 20000, 21760, 24630, 23700, 21760, 22670, 22110, 21600, 21040, 24750, 24340, 21420, 22680, 21830, 22780, 22610, 20430, 22990, 20970, 22480, 22990, 23700, 20020, 22330, 21420, 21090, 22220, 20490, 24560, 23970, 23920, 21070, 20720, 24560, 20980, 23820, 23870, 25000, 25000

Distances (Depot-Depot, Depot-1, Depot-..., Depot-N, 1-Depot, 1-1, ..., M-N)
0, 28284, 32865, 32174, 31667, 30154, 34713, 31196, 31551, 30473, 31117, 32154, 31024, 30943, 30635, 31985, 33863, 29551, 32301, 33722, 35355, 28284, 0, 4953, 4097, 3403, 1908, 6434, 3033, 3328, 2645, 3143, 3885, 3700, 2729, 2473, 4586, 5579, 1290, 4664, 5438, 7071, 32865, 4953, 0, 3464, 2679, 3594, 3004, 1979, 1851, 4285, 3861, 1791, 5002, 3260, 2501, 1272, 2321, 3970, 4600, 2196, 3261, 32174, 4097, 3464, 0, 1088, 2220, 2785, 2459, 2130, 1720, 1062, 1732, 1740, 1412, 2650, 4260, 2177, 2828, 1161, 2113, 3491, 31667, 3403, 2679, 1088, 0, 1513, 3049, 1374, 1074, 1681, 1184, 900, 2330, 769, 1584, 3279, 2228, 2119, 2202, 2102, 3712, 30154, 1908, 3594, 2220, 1513, 0, 4562, 1650, 1755, 1180, 1392, 2139, 2335, 823, 1285, 3691, 3730, 619, 2961, 3597, 5219, 34713, 6434, 3004, 2785, 3049, 4562, 0, 3721, 3311, 4457, 3802, 2641, 4446, 3792, 4230, 4266, 886, 5162, 3365, 1042, 706, 31196, 3033, 1979, 2459, 1374, 1650, 3721, 0, 422, 2545, 2321, 1104, 3503, 1554, 566, 2097, 2836, 1991, 3571, 2679, 4266, 31551, 3328, 1851, 2130, 1074, 1755, 3311, 422, 0, 2476, 2150, 683, 3334, 1449, 928, 2228, 2425, 2196, 3270, 2269, 3870, 30473, 2645, 4285, 1720, 1681, 1180, 4457, 2545, 2476, 0, 660, 2563, 1165, 1029, 2348, 4642, 3746, 1567, 2026, 3647, 5157, 31117, 3143, 3861, 1062, 1184, 1392, 3802, 2321, 2150, 660, 0, 2083, 1186, 799, 2274, 4375, 3109, 1936, 1570, 3016, 4503, 32154, 3885, 1791, 1732, 900, 2139, 2641, 1104, 683, 2563, 2083, 0, 3211, 1577, 1589, 2535, 1756, 2672, 2892, 1603, 3223, 31024, 3700, 5002, 1740, 2330, 2335, 4446, 3503, 3334, 1165, 1186, 3211, 0, 1959, 3414, 5560, 3909, 2722, 1289, 3852, 5147, 30943, 2729, 3260, 1412, 769, 823, 3792, 1554, 1449, 1029, 799, 1577, 1959, 0, 1476, 3639, 2990, 1441, 2273, 2868, 4466, 30635, 2473, 2501, 2650, 1584, 1285, 4230, 566, 928, 2348, 2274, 1589, 3414, 1476, 0, 2416, 3344, 1500, 3685, 3190, 4798, 31985, 4586, 1272, 4260, 3279, 3691, 4266, 2097, 2228, 4642, 4375, 2535, 5560, 3639, 2416, 0, 3538, 3884, 5420, 3401, 4531, 33863, 5579, 2321, 2177, 2228, 3730, 886, 2836, 2425, 3746, 3109, 1756, 3909, 2990, 3344, 3538, 0, 4319, 2999, 158, 1492, 29551, 1290, 3970, 2828, 2119, 619, 5162, 1991, 2196, 1567, 1936, 2672, 2722, 1441, 1500, 3884, 4319, 0, 3500, 4182, 5811, 32301, 4664, 4600, 1161, 2202, 2961, 3365, 3571, 3270, 2026, 1570, 2892, 1289, 2273, 3685, 5420, 2999, 3500, 0, 2983, 4044, 33722, 5438, 2196, 2113, 2102, 3597, 1042, 2679, 2269, 3647, 3016, 1603, 3852, 2868, 3190, 3401, 158, 4182, 2983, 0, 1634, 35355, 7071, 3261, 3491, 3712, 5219, 706, 4266, 3870, 5157, 4503, 3223, 5147, 4466, 4798, 4531, 1492, 5811, 4044, 1634, 0

Time (same as Distance for all Modes: combustion, combustion+charging, electric, combustion+electric)
0, 32.02, 37.21, 36.42, 35.85, 34.14, 39.3, 35.32, 35.72, 34.5, 35.23, 36.4, 35.12, 35.03, 34.68, 36.21, 38.34, 33.45, 36.57, 38.18, 40.02, 32.02, 0, 11.89, 9.83, 8.17, 4.58, 12.87, 7.28, 7.99, 6.35, 7.54, 9.32, 8.88, 6.55, 5.94, 11.01, 11.16, 3.1, 11.19, 10.88, 14.14, 37.21, 11.89, 0, 8.31, 6.43, 8.63, 7.21, 4.75, 4.44, 10.28, 9.27, 4.3, 10, 7.82, 6, 3.05, 5.57, 9.53, 11.04, 5.27, 7.83, 36.42, 9.83, 8.31, 0, 2.61, 5.33, 6.68, 5.9, 5.11, 4.13, 2.55, 4.16, 4.18, 3.39, 6.36, 10.22, 5.22, 6.79, 2.79, 5.07, 8.38, 35.85, 8.17, 6.43, 2.61, 0, 3.63, 7.32, 3.3, 2.58, 4.03, 2.84, 3, 5.59, 2.56, 3.8, 7.87, 5.35, 5.09, 5.28, 5.04, 8.91, 34.14, 4.58, 8.63, 5.33, 3.63, 0, 10.95, 3.96, 4.21, 2.83, 3.34, 5.13, 5.6, 2.74, 3.08, 8.86, 8.95, 2.06, 7.11, 8.63, 10.44, 39.3, 12.87, 7.21, 6.68, 7.32, 10.95, 0, 8.93, 7.95, 10.7, 9.12, 6.34, 10.67, 9.1, 10.15, 10.24, 2.95, 10.32, 8.08, 2.5, 2.35, 35.32, 7.28, 4.75, 5.9, 3.3, 3.96, 8.93, 0, 1.95, 6.11, 5.57, 2.65, 8.41, 3.73, 1.89, 5.03, 6.81, 4.78, 8.57, 6.43, 10.24, 35.72, 7.99, 4.44, 5.11, 2.58, 4.21, 7.95, 1.95, 0, 5.94, 5.16, 2.28, 8, 3.48, 3.09, 5.35, 5.82, 5.27, 7.85, 5.45, 9.29, 34.5, 6.35, 10.28, 4.13, 4.03, 2.83, 10.7, 6.11, 5.94, 0, 2.2, 6.15, 2.8, 2.47, 5.64, 11.14, 8.99, 3.76, 4.86, 8.75, 10.31, 35.23, 7.54, 9.27, 2.55, 2.84, 3.34, 9.12, 5.57, 5.16, 2.2, 0, 5, 2.85, 2.66, 5.46, 10.5, 7.46, 4.65, 3.77, 7.24, 10.81, 36.4, 9.32, 4.3, 4.16, 3, 5.13, 6.34, 2.65, 2.28, 6.15, 5, 0, 7.71, 3.78, 3.81, 6.08, 4.21, 6.41, 6.94, 3.85, 7.74, 35.12, 8.88, 10, 4.18, 5.59, 5.6, 10.67, 8.41, 8, 2.8, 2.85, 7.71, 0, 4.7, 8.19, 11.12, 9.38, 6.53, 3.09, 9.24, 10.29, 35.03, 6.55, 7.82, 3.39, 2.56, 2.74, 9.1, 3.73, 3.48, 2.47, 2.66, 3.78, 4.7, 0, 3.54, 8.73, 7.18, 3.46, 5.46, 6.88, 10.72, 34.68, 5.94, 6, 6.36, 3.8, 3.08, 10.15, 1.89, 3.09, 5.64, 5.46, 3.81, 8.19, 3.54, 0, 5.8, 8.03, 3.6, 8.84, 7.66, 11.52, 36.21, 11.01, 3.05, 10.22, 7.87, 8.86, 10.24, 5.03, 5.35, 11.14, 10.5, 6.08, 11.12, 8.73, 5.8, 0, 8.49, 9.32, 10.84, 8.16, 10.87, 38.34, 11.16, 5.57, 5.22, 5.35, 8.95, 2.95, 6.81, 5.82, 8.99, 7.46, 4.21, 9.38, 7.18, 8.03, 8.49, 0, 10.37, 7.2, 0.73, 3.58, 33.45, 3.1, 9.53, 6.79, 5.09, 2.06, 10.32, 4.78, 5.27, 3.76, 4.65, 6.41, 6.53, 3.46, 3.6, 9.32, 10.37, 0, 8.4, 10.04, 11.62, 36.57, 11.19, 11.04, 2.79, 5.28, 7.11, 8.08, 8.57, 7.85, 4.86, 3.77, 6.94, 3.09, 5.46, 8.84, 10.84, 7.2, 8.4, 0, 7.16, 9.71, 38.18, 10.88, 5.27, 5.07, 5.04, 8.63, 2.5, 6.43, 5.45, 8.75, 7.24, 3.85, 9.24, 6.88, 7.66, 8.16, 0.73, 10.04, 7.16, 0, 3.92, 40.02, 14.14, 7.83, 8.38, 8.91, 10.44, 2.35, 10.24, 9.29, 10.31, 10.81, 7.74, 10.29, 10.72, 11.52, 10.87, 3.58, 11.62, 9.71, 3.92, 0, 0, 33.94, 39.44, 38.61, 38, 36.18, 41.66, 37.44, 37.86, 36.57, 37.34, 38.58, 37.23, 37.13, 36.76, 38.38, 40.64, 35.46, 38.76, 40.47, 42.43, 33.94, 0, 12.92, 10.69, 8.88, 4.98, 14.3, 7.91, 8.68, 6.9, 8.2, 10.13, 9.65, 7.12, 6.45, 11.96, 12.4, 3.37, 12.17, 12.08, 15.71, 39.44, 12.92, 0, 9.04, 6.99, 9.38, 7.84, 5.16, 4.83, 11.18, 10.07, 4.67, 11.12, 8.5, 6.52, 3.32, 6.05, 10.36, 12, 5.73, 8.51, 38.61, 10.69, 9.04, 0, 2.84, 5.79, 7.27, 6.41, 5.56, 4.49, 2.77, 4.52, 4.54, 3.68, 6.91, 11.11, 5.68, 7.38, 3.03, 5.51, 9.11, 38, 8.88, 6.99, 2.84, 0, 3.95, 7.95, 3.58, 2.8, 4.39, 3.09, 3.18, 6.08, 2.71, 4.13, 8.55, 5.81, 5.53, 5.74, 5.48, 9.68, 36.18, 4.98, 9.38, 5.79, 3.95, 0, 11.9, 4.3, 4.58, 3.08, 3.63, 5.58, 6.09, 2.9, 3.35, 9.63, 9.73, 2.18, 7.72, 9.38, 11.6, 41.66, 14.3, 7.84, 7.27, 7.95, 11.9, 0, 9.71, 8.64, 11.63, 9.92, 6.89, 11.6, 9.89, 11.03, 11.13, 3.13, 11.47, 8.78, 2.72, 2.49, 37.44, 7.91, 5.16, 6.41, 3.58, 4.3, 9.71, 0, 2.11, 6.64, 6.05, 2.88, 9.14, 4.05, 2, 5.47, 7.4, 5.19, 9.32, 6.99, 11.13, 37.86, 8.68, 4.83, 5.56, 2.8, 4.58, 8.64, 2.11, 0, 6.46, 5.61, 2.41, 8.7, 3.78, 3.28, 5.81, 6.33, 5.73, 8.53, 5.92, 10.1, 36.57, 6.9, 11.18, 4.49, 4.39, 3.08, 11.63, 6.64, 6.46, 0, 2.33, 6.69, 3.04, 2.68, 6.13, 12.11, 9.77, 4.09, 5.29, 9.51, 11.46, 37.34, 8.2, 10.07, 2.77, 3.09, 3.63, 9.92, 6.05, 5.61, 2.33, 0, 5.43, 3.09, 2.82, 5.93, 11.41, 8.11, 5.05, 4.1, 7.87, 11.75, 38.58, 10.13, 4.67, 4.52, 3.18, 5.58, 6.89, 2.88, 2.41, 6.69, 5.43, 0, 8.38, 4.11, 4.15, 6.61, 4.58, 6.97, 7.54, 4.18, 8.41, 37.23, 9.65, 11.12, 4.54, 6.08, 6.09, 11.6, 9.14, 8.7, 3.04, 3.09, 8.38, 0, 5.11, 8.91, 12.36, 10.2, 7.1, 3.36, 10.05, 11.44, 37.13, 7.12, 8.5, 3.68, 2.71, 2.9, 9.89, 4.05, 3.78, 2.68, 2.82, 4.11, 5.11, 0, 3.85, 9.49, 7.8, 3.76, 5.93, 7.48, 11.65, 36.76, 6.45, 6.52, 6.91, 4.13, 3.35, 11.03, 2, 3.28, 6.13, 5.93, 4.15, 8.91, 3.85, 0, 6.3, 8.72, 3.91, 9.61, 8.32, 12.52, 38.38, 11.96, 3.32, 11.11, 8.55, 9.63, 11.13, 5.47, 5.81, 12.11, 11.41, 6.61, 12.36, 9.49, 6.3, 0, 9.23, 10.13, 12.04, 8.87, 11.82, 40.64, 12.4, 6.05, 5.68, 5.81, 9.73, 3.13, 7.4, 6.33, 9.77, 8.11, 4.58, 10.2, 7.8, 8.72, 9.23, 0, 11.27, 7.82, 0.79, 3.89, 35.46, 3.37, 10.36, 7.38, 5.53, 2.18, 11.47, 5.19, 5.73, 4.09, 5.05, 6.97, 7.1, 3.76, 3.91, 10.13, 11.27, 0, 9.13, 10.91, 12.91, 38.76, 12.17, 12, 3.03, 5.74, 7.72, 8.78, 9.32, 8.53, 5.29, 4.1, 7.54, 3.36, 5.93, 9.61, 12.04, 7.82, 9.13, 0, 7.78, 10.55, 40.47, 12.08, 5.73, 5.51, 5.48, 9.38, 2.72, 6.99, 5.92, 9.51, 7.87, 4.18, 10.05, 7.48, 8.32, 8.87, 0.79, 10.91, 7.78, 0, 4.26, 42.43, 15.71, 8.51, 9.11, 9.68, 11.6, 2.49, 11.13, 10.1, 11.46, 11.75, 8.41, 11.44, 11.65, 12.52, 11.82, 3.89, 12.91, 10.55, 4.26, 0, 0, 36.11, 41.96, 41.07, 40.43, 38.49, 44.31, 39.82, 40.28, 38.9, 39.72, 41.05, 39.61, 39.5, 39.11, 40.83, 43.23, 37.72, 41.24, 43.05, 45.13, 36.11, 0, 14.15, 11.71, 9.72, 5.45, 16.09, 8.67, 9.51, 7.56, 8.98, 11.1, 10.57, 7.8, 7.07, 13.1, 13.95, 3.69, 13.33, 13.6, 17.68, 41.96, 14.15, 0, 9.9, 7.65, 10.27, 8.58, 5.65, 5.29, 12.24, 11.03, 5.12, 12.51, 9.31, 7.15, 3.63, 6.63, 11.34, 13.14, 6.27, 9.32, 41.07, 11.71, 9.9, 0, 3.11, 6.34, 7.96, 7.03, 6.09, 4.91, 3.03, 4.95, 4.97, 4.03, 7.57, 12.17, 6.22, 8.08, 3.32, 6.04, 9.97, 40.43, 9.72, 7.65, 3.11, 0, 4.32, 8.71, 3.93, 3.07, 4.8, 3.38, 3.38, 6.66, 2.88, 4.53, 9.37, 6.37, 6.05, 6.29, 6.01, 10.61, 38.49, 5.45, 10.27, 6.34, 4.32, 0, 13.03, 4.71, 5.01, 3.37, 3.98, 6.11, 6.67, 3.09, 3.67, 10.55, 10.66, 2.32, 8.46, 10.28, 13.05, 44.31, 16.09, 8.58, 7.96, 8.71, 13.03, 0, 10.63, 9.46, 12.73, 10.86, 7.55, 12.7, 10.83, 12.09, 12.19, 3.32, 12.91, 9.61, 2.98, 2.65, 39.82, 8.67, 5.65, 7.03, 3.93, 4.71, 10.63, 0, 2.3, 7.27, 6.63, 3.15, 10.01, 4.44, 2.12, 5.99, 8.1, 5.69, 10.2, 7.65, 12.19, 40.28, 9.51, 5.29, 6.09, 3.07, 5.01, 9.46, 2.3, 0, 7.07, 6.14, 2.56, 9.53, 4.14, 3.48, 6.37, 6.93, 6.27, 9.34, 6.48, 11.06, 38.9, 7.56, 12.24, 4.91, 4.8, 3.37, 12.73, 7.27, 7.07, 0, 2.48, 7.32, 3.33, 2.94, 6.71, 13.26, 10.7, 4.48, 5.79, 10.42, 12.89, 39.72, 8.98, 11.03, 3.03, 3.38, 3.98, 10.86, 6.63, 6.14, 2.48, 0, 5.95, 3.39, 3, 6.5, 12.5, 8.88, 5.53, 4.49, 8.62, 12.87, 41.05, 11.1, 5.12, 4.95, 3.38, 6.11, 7.55, 3.15, 2.56, 7.32, 5.95, 0, 9.17, 4.51, 4.54, 7.24, 5.02, 7.63, 8.26, 4.58, 9.21, 39.61, 10.57, 12.51, 4.97, 6.66, 6.67, 12.7, 10.01, 9.53, 3.33, 3.39, 9.17, 0, 5.6, 9.75, 13.9, 11.17, 7.78, 3.68, 11.01, 12.87, 39.5, 7.8, 9.31, 4.03, 2.88, 3.09, 10.83, 4.44, 4.14, 2.94, 3, 4.51, 5.6, 0, 4.22, 10.4, 8.54, 4.12, 6.49, 8.19, 12.76, 39.11, 7.07, 7.15, 7.57, 4.53, 3.67, 12.09, 2.12, 3.48, 6.71, 6.5, 4.54, 9.75, 4.22, 0, 6.9, 9.55, 4.29, 10.53, 9.11, 13.71, 40.83, 13.1, 3.63, 12.17, 9.37, 10.55, 12.19, 5.99, 6.37, 13.26, 12.5, 7.24, 13.9, 10.4, 6.9, 0, 10.11, 11.1, 13.55, 9.72, 12.95, 43.23, 13.95, 6.63, 6.22, 6.37, 10.66, 3.32, 8.1, 6.93, 10.7, 8.88, 5.02, 11.17, 8.54, 9.55, 10.11, 0, 12.34, 8.57, 0.86, 4.26, 37.72, 3.69, 11.34, 8.08, 6.05, 2.32, 12.91, 5.69, 6.27, 4.48, 5.53, 7.63, 7.78, 4.12, 4.29, 11.1, 12.34, 0, 10, 11.95, 14.53, 41.24, 13.33, 13.14, 3.32, 6.29, 8.46, 9.61, 10.2, 9.34, 5.79, 4.49, 8.26, 3.68, 6.49, 10.53, 13.55, 8.57, 10, 0, 8.52, 11.55, 43.05, 13.6, 6.27, 6.04, 6.01, 10.28, 2.98, 7.65, 6.48, 10.42, 8.62, 4.58, 11.01, 8.19, 9.11, 9.72, 0.86, 11.95, 8.52, 0, 4.67, 45.13, 17.68, 9.32, 9.97, 10.61, 13.05, 2.65, 12.19, 11.06, 12.89, 12.87, 9.21, 12.87, 12.76, 13.71, 12.95, 4.26, 14.53, 11.55, 4.67, 0, 0, 30.3, 35.21, 34.47, 33.93, 32.31, 37.19, 33.42, 33.8, 32.65, 33.34, 34.45, 33.24, 33.15, 32.82, 34.27, 36.28, 31.66, 34.61, 36.13, 37.88, 30.3, 0, 11.01, 9.1, 7.56, 4.24, 11.7, 6.74, 7.4, 5.88, 6.98, 8.63, 8.22, 6.06, 5.5, 10.19, 10.14, 2.87, 10.36, 9.89, 12.86, 35.21, 11.01, 0, 7.7, 5.95, 7.99, 6.68, 4.4, 4.11, 9.52, 8.58, 3.98, 9.09, 7.24, 5.56, 2.83, 5.16, 8.82, 10.22, 4.88, 7.25, 34.47, 9.1, 7.7, 0, 2.42, 4.93, 6.19, 5.46, 4.73, 3.82, 2.36, 3.85, 3.87, 3.14, 5.89, 9.47, 4.84, 6.28, 2.58, 4.7, 7.76, 33.93, 7.56, 5.95, 2.42, 0, 3.36, 6.78, 3.05, 2.39, 3.74, 2.63, 2.84, 5.18, 2.43, 3.52, 7.29, 4.95, 4.71, 4.89, 4.67, 8.25, 32.31, 4.24, 7.99, 4.93, 3.36, 0, 10.14, 3.67, 3.9, 2.62, 3.09, 4.75, 5.19, 2.6, 2.86, 8.2, 8.29, 1.95, 6.58, 7.99, 9.49, 37.19, 11.7, 6.68, 6.19, 6.78, 10.14, 0, 8.27, 7.36, 9.9, 8.45, 5.87, 9.88, 8.43, 9.4, 9.48, 2.8, 9.39, 7.48, 2.32, 2.23, 33.42, 6.74, 4.4, 5.46, 3.05, 3.67, 8.27, 0, 1.81, 5.66, 5.16, 2.45, 7.78, 3.45, 1.79, 4.66, 6.3, 4.42, 7.94, 5.95, 9.48, 33.8, 7.4, 4.11, 4.73, 2.39, 3.9, 7.36, 1.81, 0, 5.5, 4.78, 2.16, 7.41, 3.22, 2.93, 4.95, 5.39, 4.88, 7.27, 5.04, 8.6, 32.65, 5.88, 9.52, 3.82, 3.74, 2.62, 9.9, 5.66, 5.5, 0, 2.08, 5.7, 2.59, 2.29, 5.22, 10.32, 8.32, 3.48, 4.5, 8.1, 9.38, 33.34, 6.98, 8.58, 2.36, 2.63, 3.09, 8.45, 5.16, 4.78, 2.08, 0, 4.63, 2.64, 2.52, 5.05, 9.72, 6.91, 4.3, 3.49, 6.7, 10.01, 34.45, 8.63, 3.98, 3.85, 2.84, 4.75, 5.87, 2.45, 2.16, 5.7, 4.63, 0, 7.14, 3.5, 3.53, 5.63, 3.9, 5.94, 6.43, 3.56, 7.16, 33.24, 8.22, 9.09, 3.87, 5.18, 5.19, 9.88, 7.78, 7.41, 2.59, 2.64, 7.14, 0, 4.35, 7.59, 10.11, 8.69, 6.05, 2.86, 8.56, 9.36, 33.15, 6.06, 7.24, 3.14, 2.43, 2.6, 8.43, 3.45, 3.22, 2.29, 2.52, 3.5, 4.35, 0, 3.28, 8.09, 6.64, 3.2, 5.05, 6.37, 9.92, 32.82, 5.5, 5.56, 5.89, 3.52, 2.86, 9.4, 1.79, 2.93, 5.22, 5.05, 3.53, 7.59, 3.28, 0, 5.37, 7.43, 3.33, 8.19, 7.09, 10.66, 34.27, 10.19, 2.83, 9.47, 7.29, 8.2, 9.48, 4.66, 4.95, 10.32, 9.72, 5.63, 10.11, 8.09, 5.37, 0, 7.86, 8.63, 9.85, 7.56, 10.07, 36.28, 10.14, 5.16, 4.84, 4.95, 8.29, 2.8, 6.3, 5.39, 8.32, 6.91, 3.9, 8.69, 6.64, 7.43, 7.86, 0, 9.6, 6.66, 0.68, 3.32, 31.66, 2.87, 8.82, 6.28, 4.71, 1.95, 9.39, 4.42, 4.88, 3.48, 4.3, 5.94, 6.05, 3.2, 3.33, 8.63, 9.6, 0, 7.78, 9.29, 10.57, 34.61, 10.36, 10.22, 2.58, 4.89, 6.58, 7.48, 7.94, 7.27, 4.5, 3.49, 6.43, 2.86, 5.05, 8.19, 9.85, 6.66, 7.78, 0, 6.63, 8.99, 36.13, 9.89, 4.88, 4.7, 4.67, 7.99, 2.32, 5.95, 5.04, 8.1, 6.7, 3.56, 8.56, 6.37, 7.09, 7.56, 0.68, 9.29, 6.63, 0, 3.63, 37.88, 12.86, 7.25, 7.76, 8.25, 9.49, 2.23, 9.48, 8.6, 9.38, 10.01, 7.16, 9.36, 9.92, 10.66, 10.07, 3.32, 10.57, 8.99, 3.63, 0

Costs (same as Distance for all Modes: combustion, combustion+charging, electric, combustion+electric)
0, 2828.43, 3286.54, 3217.43, 3166.67, 3015.36, 3471.31, 3119.61, 3155.12, 3047.29, 3111.72, 3215.42, 3102.4, 3094.26, 3063.52, 3198.49, 3386.34, 2955.1, 3230.1, 3372.19, 3535.53, 2828.43, 0, 495.32, 409.73, 340.31, 190.83, 643.41, 303.3, 332.83, 264.52, 314.34, 388.46, 370.01, 272.86, 247.32, 458.63, 557.92, 128.97, 466.41, 543.78, 707.11, 3286.54, 495.32, 0, 346.42, 267.93, 359.36, 300.4, 197.94, 185.13, 428.51, 386.12, 179.11, 500.16, 326.02, 250.14, 127.19, 232.12, 397.04, 460.03, 219.57, 326.11, 3217.43, 409.73, 346.42, 0, 108.78, 222, 278.55, 245.86, 213.01, 171.96, 106.22, 173.24, 174, 141.16, 265.02, 425.96, 217.68, 282.82, 116.1, 211.34, 349.11, 3166.67, 340.31, 267.93, 108.78, 0, 151.32, 304.95, 137.38, 107.45, 168.11, 118.41, 90.03, 233, 76.92, 158.38, 327.95, 222.85, 211.95, 220.2, 210.24, 371.23, 3015.36, 190.83, 359.36, 222, 151.32, 0, 456.21, 164.98, 175.51, 117.99, 139.18, 213.94, 233.46, 82.3, 128.55, 369.09, 372.98, 61.91, 296.06, 359.68, 521.93, 3471.31, 643.41, 300.4, 278.55, 304.95, 456.21, 0, 372.08, 331.06, 445.73, 380.19, 264.11, 444.58, 379.25, 422.97, 426.57, 88.59, 516.21, 336.54, 104.2, 70.58, 3119.61, 303.3, 197.94, 245.86, 137.38, 164.98, 372.08, 0, 42.2, 254.53, 232.14, 110.44, 350.34, 155.43, 56.61, 209.75, 283.55, 199.1, 357.07, 267.88, 426.6, 3155.12, 332.83, 185.13, 213.01, 107.45, 175.51, 331.06, 42.2, 0, 247.61, 214.98, 68.31, 333.38, 144.9, 92.8, 222.8, 242.47, 219.57, 327, 226.9, 387.01, 3047.29, 264.52, 428.51, 171.96, 168.11, 117.99, 445.73, 254.53, 247.61, 0, 66.03, 256.33, 116.46, 102.88, 234.83, 464.23, 374.56, 156.71, 202.61, 364.66, 515.72, 3111.72, 314.34, 386.12, 106.22, 118.41, 139.18, 380.19, 232.14, 214.98, 66.03, 0, 208.34, 118.6, 79.88, 227.43, 437.47, 310.85, 193.62, 157, 301.64, 450.34, 3215.42, 388.46, 179.11, 173.24, 90.03, 213.94, 264.11, 110.44, 68.31, 256.33, 208.34, 0, 321.08, 157.71, 158.9, 253.48, 175.64, 267.23, 289.25, 160.31, 322.34, 3102.4, 370.01, 500.16, 174, 233, 233.46, 444.58, 350.34, 333.38, 116.46, 118.6, 321.08, 0, 195.88, 341.35, 556.02, 390.93, 272.16, 128.89, 385.19, 514.69, 3094.26, 272.86, 326.02, 141.16, 76.92, 82.3, 379.25, 155.43, 144.9, 102.88, 79.88, 157.71, 195.88, 0, 147.57, 363.94, 298.99, 144.14, 227.3, 286.75, 446.6, 3063.52, 247.32, 250.14, 265.02, 158.38, 128.55, 422.97, 56.61, 92.8, 234.83, 227.43, 158.9, 341.35, 147.57, 0, 241.57, 334.43, 150.01, 368.49, 318.99, 479.76, 3198.49, 458.63, 127.19, 425.96, 327.95, 369.09, 426.57, 209.75, 222.8, 464.23, 437.47, 253.48, 556.02, 363.94, 241.57, 0, 353.84, 388.36, 542.05, 340.07, 453.14, 3386.34, 557.92, 232.12, 217.68, 222.85, 372.98, 88.59, 283.55, 242.47, 374.56, 310.85, 175.64, 390.93, 298.99, 334.43, 353.84, 0, 431.86, 299.86, 15.81, 149.24, 2955.1, 128.97, 397.04, 282.82, 211.95, 61.91, 516.21, 199.1, 219.57, 156.71, 193.62, 267.23, 272.16, 144.14, 150.01, 388.36, 431.86, 0, 349.97, 418.15, 581.06, 3230.1, 466.41, 460.03, 116.1, 220.2, 296.06, 336.54, 357.07, 327, 202.61, 157, 289.25, 128.89, 227.3, 368.49, 542.05, 299.86, 349.97, 0, 298.32, 404.4, 3372.19, 543.78, 219.57, 211.34, 210.24, 359.68, 104.2, 267.88, 226.9, 364.66, 301.64, 160.31, 385.19, 286.75, 318.99, 340.07, 15.81, 418.15, 298.32, 0, 163.38, 3535.53, 707.11, 326.11, 349.11, 371.23, 521.93, 70.58, 426.6, 387.01, 515.72, 450.34, 322.34, 514.69, 446.6, 479.76, 453.14, 149.24, 581.06, 404.4, 163.38, 0, 0, 3111.24, 3615.15, 3539.14, 3483.37, 3316.94, 3818.43, 3431.56, 3470.61, 3352.03, 3422.87, 3536.94, 3412.64, 3403.73, 3369.85, 3518.35, 3724.93, 3250.61, 3553.11, 3709.42, 3889.05, 3111.24, 0, 544.83, 450.67, 374.33, 209.88, 707.74, 333.63, 366.08, 290.95, 345.73, 427.35, 407, 300.19, 272.03, 504.46, 613.69, 141.9, 513.04, 598.18, 777.81, 3615.15, 544.83, 0, 381.04, 294.69, 395.34, 330.44, 217.69, 203.61, 471.35, 424.71, 197.01, 550.22, 358.6, 275.11, 139.92, 255.31, 436.7, 506, 241.56, 358.71, 3539.14, 450.67, 381.04, 0, 119.68, 244.2, 306.35, 270.49, 234.3, 189.2, 116.82, 190.52, 191.4, 155.32, 291.5, 468.6, 239.47, 311.08, 127.71, 232.43, 384.01, 3483.37, 374.33, 294.69, 119.68, 0, 166.43, 335.39, 151.14, 118.14, 184.91, 130.24, 99, 256.3, 84.59, 174.24, 360.69, 245.08, 233.09, 242.22, 231.22, 408.32, 3316.94, 209.88, 395.34, 244.2, 166.43, 0, 501.82, 181.5, 193.05, 129.8, 153.12, 235.29, 256.85, 90.53, 141.35, 406.01, 410.3, 68.09, 325.71, 395.67, 574.09, 3818.43, 707.74, 330.44, 306.35, 335.39, 501.82, 0, 409.31, 364.21, 490.27, 418.22, 290.51, 489.06, 417.12, 465.3, 469.26, 97.46, 567.82, 370.15, 114.62, 77.66, 3431.56, 333.63, 217.69, 270.49, 151.14, 181.5, 409.31, 0, 46.42, 279.95, 255.31, 121.44, 385.33, 170.94, 62.26, 230.67, 311.96, 219.01, 392.81, 294.69, 469.26, 3470.61, 366.08, 203.61, 234.3, 118.14, 193.05, 364.21, 46.42, 0, 272.36, 236.5, 75.13, 366.74, 159.39, 102.08, 245.08, 266.75, 241.56, 359.7, 249.59, 425.7, 3352.03, 290.95, 471.35, 189.2, 184.91, 129.8, 490.27, 279.95, 272.36, 0, 72.6, 281.93, 128.15, 113.19, 258.28, 510.62, 412.06, 172.37, 222.86, 401.17, 567.27, 3422.87, 345.73, 424.71, 116.82, 130.24, 153.12, 418.22, 255.31, 236.5, 72.6, 0, 229.13, 130.46, 87.89, 250.14, 481.25, 341.99, 212.96, 172.7, 331.76, 495.33, 3536.94, 427.35, 197.01, 190.52, 99, 235.29, 290.51, 121.44, 75.13, 281.93, 229.13, 0, 353.21, 173.47, 174.79, 278.85, 193.16, 293.92, 318.12, 176.33, 354.53, 3412.64, 407, 550.22, 191.4, 256.3, 256.85, 489.06, 385.33, 366.74, 128.15, 130.46, 353.21, 0, 215.49, 375.54, 611.6, 429.99, 299.42, 141.79, 423.72, 566.17, 3403.73, 300.19, 358.6, 155.32, 84.59, 90.53, 417.12, 170.94, 159.39, 113.19, 87.89, 173.47, 215.49, 0, 162.36, 400.29, 328.9, 158.51, 250.03, 315.48, 491.26, 3369.85, 272.03, 275.11, 291.5, 174.24, 141.35, 465.3, 62.26, 102.08, 258.28, 250.14, 174.79, 375.54, 162.36, 0, 265.76, 367.84, 165, 405.35, 350.9, 527.78, 3518.35, 504.46, 139.92, 468.6, 360.69, 406.01, 469.26, 230.67, 245.08, 510.62, 481.25, 278.85, 611.6, 400.29, 265.76, 0, 389.18, 427.24, 596.2, 374.11, 498.41, 3724.93, 613.69, 255.31, 239.47, 245.08, 410.3, 97.46, 311.96, 266.75, 412.06, 341.99, 193.16, 429.99, 328.9, 367.84, 389.18, 0, 475.09, 329.89, 17.38, 164.12, 3250.61, 141.9, 436.7, 311.08, 233.09, 68.09, 567.82, 219.01, 241.56, 172.37, 212.96, 293.92, 299.42, 158.51, 165, 427.24, 475.09, 0, 385, 460.02, 639.21, 3553.11, 513.04, 506, 127.71, 242.22, 325.71, 370.15, 392.81, 359.7, 222.86, 172.7, 318.12, 141.79, 250.03, 405.35, 596.2, 329.89, 385, 0, 328.13, 444.84, 3709.42, 598.18, 241.56, 232.43, 231.22, 395.67, 114.62, 294.69, 249.59, 401.17, 331.76, 176.33, 423.72, 315.48, 350.9, 374.11, 17.38, 460.02, 328.13, 0, 179.74, 3889.05, 777.81, 358.71, 384.01, 408.32, 574.09, 77.66, 469.26, 425.7, 567.27, 495.33, 354.53, 566.17, 491.26, 527.78, 498.41, 164.12, 639.21, 444.84, 179.74, 0, 0, 565.68, 657.3, 643.48, 633.34, 603.08, 694.26, 623.92, 631.02, 609.46, 622.34, 643.08, 620.48, 618.86, 612.7, 639.7, 677.26, 591.02, 646.02, 674.44, 707.1, 565.68, 0, 99.06, 81.94, 68.06, 38.16, 128.68, 60.66, 66.56, 52.9, 62.86, 77.7, 74, 54.58, 49.46, 91.72, 111.58, 25.8, 93.28, 108.76, 141.42, 657.3, 99.06, 0, 69.28, 53.58, 71.88, 60.08, 39.58, 37.02, 85.7, 77.22, 35.82, 100.04, 65.2, 50.02, 25.44, 46.42, 79.4, 92, 43.92, 65.22, 643.48, 81.94, 69.28, 0, 21.76, 44.4, 55.7, 49.18, 42.6, 34.4, 21.24, 34.64, 34.8, 28.24, 53, 85.2, 43.54, 56.56, 23.22, 42.26, 69.82, 633.34, 68.06, 53.58, 21.76, 0, 30.26, 60.98, 27.48, 21.48, 33.62, 23.68, 18, 46.6, 15.38, 31.68, 65.58, 44.56, 42.38, 44.04, 42.04, 74.24, 603.08, 38.16, 71.88, 44.4, 30.26, 0, 91.24, 33, 35.1, 23.6, 27.84, 42.78, 46.7, 16.46, 25.7, 73.82, 74.6, 12.38, 59.22, 71.94, 104.38, 694.26, 128.68, 60.08, 55.7, 60.98, 91.24, 0, 74.42, 66.22, 89.14, 76.04, 52.82, 88.92, 75.84, 84.6, 85.32, 17.72, 103.24, 67.3, 20.84, 14.12, 623.92, 60.66, 39.58, 49.18, 27.48, 33, 74.42, 0, 8.44, 50.9, 46.42, 22.08, 70.06, 31.08, 11.32, 41.94, 56.72, 39.82, 71.42, 53.58, 85.32, 631.02, 66.56, 37.02, 42.6, 21.48, 35.1, 66.22, 8.44, 0, 49.52, 43, 13.66, 66.68, 28.98, 18.56, 44.56, 48.5, 43.92, 65.4, 45.38, 77.4, 609.46, 52.9, 85.7, 34.4, 33.62, 23.6, 89.14, 50.9, 49.52, 0, 13.2, 51.26, 23.3, 20.58, 46.96, 92.84, 74.92, 31.34, 40.52, 72.94, 103.14, 622.34, 62.86, 77.22, 21.24, 23.68, 27.84, 76.04, 46.42, 43, 13.2, 0, 41.66, 23.72, 15.98, 45.48, 87.5, 62.18, 38.72, 31.4, 60.32, 90.06, 643.08, 77.7, 35.82, 34.64, 18, 42.78, 52.82, 22.08, 13.66, 51.26, 41.66, 0, 64.22, 31.54, 31.78, 50.7, 35.12, 53.44, 57.84, 32.06, 64.46, 620.48, 74, 100.04, 34.8, 46.6, 46.7, 88.92, 70.06, 66.68, 23.3, 23.72, 64.22, 0, 39.18, 68.28, 111.2, 78.18, 54.44, 25.78, 77.04, 102.94, 618.86, 54.58, 65.2, 28.24, 15.38, 16.46, 75.84, 31.08, 28.98, 20.58, 15.98, 31.54, 39.18, 0, 29.52, 72.78, 59.8, 28.82, 45.46, 57.36, 89.32, 612.7, 49.46, 50.02, 53, 31.68, 25.7, 84.6, 11.32, 18.56, 46.96, 45.48, 31.78, 68.28, 29.52, 0, 48.32, 66.88, 30, 73.7, 63.8, 95.96, 639.7, 91.72, 25.44, 85.2, 65.58, 73.82, 85.32, 41.94, 44.56, 92.84, 87.5, 50.7, 111.2, 72.78, 48.32, 0, 70.76, 77.68, 108.4, 68.02, 90.62, 677.26, 111.58, 46.42, 43.54, 44.56, 74.6, 17.72, 56.72, 48.5, 74.92, 62.18, 35.12, 78.18, 59.8, 66.88, 70.76, 0, 86.38, 59.98, 3.16, 29.84, 591.02, 25.8, 79.4, 56.56, 42.38, 12.38, 103.24, 39.82, 43.92, 31.34, 38.72, 53.44, 54.44, 28.82, 30, 77.68, 86.38, 0, 70, 83.64, 116.22, 646.02, 93.28, 92, 23.22, 44.04, 59.22, 67.3, 71.42, 65.4, 40.52, 31.4, 57.84, 25.78, 45.46, 73.7, 108.4, 59.98, 70, 0, 59.66, 80.88, 674.44, 108.76, 43.92, 42.26, 42.04, 71.94, 20.84, 53.58, 45.38, 72.94, 60.32, 32.06, 77.04, 57.36, 63.8, 68.02, 3.16, 83.64, 59.66, 0, 32.68, 707.1, 141.42, 65.22, 69.82, 74.24, 104.38, 14.12, 85.32, 77.4, 103.14, 90.06, 64.46, 102.94, 89.32, 95.96, 90.62, 29.84, 116.22, 80.88, 32.68, 0, 0, 3394.08, 3943.8, 3860.88, 3800.04, 3618.48, 4165.56, 3743.52, 3786.12, 3656.76, 3734.04, 3858.48, 3722.88, 3713.16, 3676.2, 3838.2, 4063.56, 3546.12, 3876.12, 4046.64, 4242.6, 3394.08, 0, 594.36, 491.64, 408.36, 228.96, 772.08, 363.96, 399.36, 317.4, 377.16, 466.2, 444, 327.48, 296.76, 550.32, 669.48, 154.8, 559.68, 652.56, 848.52, 3943.8, 594.36, 0, 415.68, 321.48, 431.28, 360.48, 237.48, 222.12, 514.2, 463.32, 214.92, 600.24, 391.2, 300.12, 152.64, 278.52, 476.4, 552, 263.52, 391.32, 3860.88, 491.64, 415.68, 0, 130.56, 266.4, 334.2, 295.08, 255.6, 206.4, 127.44, 207.84, 208.8, 169.44, 318, 511.2, 261.24, 339.36, 139.32, 253.56, 418.92, 3800.04, 408.36, 321.48, 130.56, 0, 181.56, 365.88, 164.88, 128.88, 201.72, 142.08, 108, 279.6, 92.28, 190.08, 393.48, 267.36, 254.28, 264.24, 252.24, 445.44, 3618.48, 228.96, 431.28, 266.4, 181.56, 0, 547.44, 198, 210.6, 141.6, 167.04, 256.68, 280.2, 98.76, 154.2, 442.92, 447.6, 74.28, 355.32, 431.64, 626.28, 4165.56, 772.08, 360.48, 334.2, 365.88, 547.44, 0, 446.52, 397.32, 534.84, 456.24, 316.92, 533.52, 455.04, 507.6, 511.92, 106.32, 619.44, 403.8, 125.04, 84.72, 3743.52, 363.96, 237.48, 295.08, 164.88, 198, 446.52, 0, 50.64, 305.4, 278.52, 132.48, 420.36, 186.48, 67.92, 251.64, 340.32, 238.92, 428.52, 321.48, 511.92, 3786.12, 399.36, 222.12, 255.6, 128.88, 210.6, 397.32, 50.64, 0, 297.12, 258, 81.96, 400.08, 173.88, 111.36, 267.36, 291, 263.52, 392.4, 272.28, 464.4, 3656.76, 317.4, 514.2, 206.4, 201.72, 141.6, 534.84, 305.4, 297.12, 0, 79.2, 307.56, 139.8, 123.48, 281.76, 557.04, 449.52, 188.04, 243.12, 437.64, 618.84, 3734.04, 377.16, 463.32, 127.44, 142.08, 167.04, 456.24, 278.52, 258, 79.2, 0, 249.96, 142.32, 95.88, 272.88, 525, 373.08, 232.32, 188.4, 361.92, 540.36, 3858.48, 466.2, 214.92, 207.84, 108, 256.68, 316.92, 132.48, 81.96, 307.56, 249.96, 0, 385.32, 189.24, 190.68, 304.2, 210.72, 320.64, 347.04, 192.36, 386.76, 3722.88, 444, 600.24, 208.8, 279.6, 280.2, 533.52, 420.36, 400.08, 139.8, 142.32, 385.32, 0, 235.08, 409.68, 667.2, 469.08, 326.64, 154.68, 462.24, 617.64, 3713.16, 327.48, 391.2, 169.44, 92.28, 98.76, 455.04, 186.48, 173.88, 123.48, 95.88, 189.24, 235.08, 0, 177.12, 436.68, 358.8, 172.92, 272.76, 344.16, 535.92, 3676.2, 296.76, 300.12, 318, 190.08, 154.2, 507.6, 67.92, 111.36, 281.76, 272.88, 190.68, 409.68, 177.12, 0, 289.92, 401.28, 180, 442.2, 382.8, 575.76, 3838.2, 550.32, 152.64, 511.2, 393.48, 442.92, 511.92, 251.64, 267.36, 557.04, 525, 304.2, 667.2, 436.68, 289.92, 0, 424.56, 466.08, 650.4, 408.12, 543.72, 4063.56, 669.48, 278.52, 261.24, 267.36, 447.6, 106.32, 340.32, 291, 449.52, 373.08, 210.72, 469.08, 358.8, 401.28, 424.56, 0, 518.28, 359.88, 18.96, 179.04, 3546.12, 154.8, 476.4, 339.36, 254.28, 74.28, 619.44, 238.92, 263.52, 188.04, 232.32, 320.64, 326.64, 172.92, 180, 466.08, 518.28, 0, 420, 501.84, 697.32, 3876.12, 559.68, 552, 139.32, 264.24, 355.32, 403.8, 428.52, 392.4, 243.12, 188.4, 347.04, 154.68, 272.76, 442.2, 650.4, 359.88, 420, 0, 357.96, 485.28, 4046.64, 652.56, 263.52, 253.56, 252.24, 431.64, 125.04, 321.48, 272.28, 437.64, 361.92, 192.36, 462.24, 344.16, 382.8, 408.12, 18.96, 501.84, 357.96, 0, 196.08, 4242.6, 848.52, 391.32, 418.92, 445.44, 626.28, 84.72, 511.92, 464.4, 618.84, 540.36, 386.76, 617.64, 535.92, 575.76, 543.72, 179.04, 697.32, 485.28, 196.08, 0

Time Windows (Depot, 1, ..., N)
0, 480, 0, 480, 0, 480, 148, 178, 0, 480, 0, 480, 87, 117, 64, 94, 77, 107, 0, 480, 172, 202, 0, 480, 0, 480, 0, 480, 31, 61, 0, 480, 0, 480, 0, 480, 138, 168, 0, 480, 82, 112