Instance
HEVTSP 1 50 2 TW 5

Customers
50

Service Time (same as Distance for all Modes: combustion, combustion+charging, electric, combustion+electric) (Depot, 1, ..., N, Depot)
0, 1, 3, 4, 4, 7, 7, 2, 6, 1, 5, 2, 8, 5, 4, 7, 3, 8, 3, 5, 5, 8, 1, 8, 8, 4, 7, 8, 8, 3, 4, 7, 1, 5, 2, 5, 3, 8, 6, 4, 5, 7, 3, 2, 4, 1, 4, 1, 8, 8, 5, 0

Initial Charging
0

Max Charging (in Watt/h)
16800

Charging Rate (in Watt/h)
12000

Discharging Rate (in Watt/h)
48000

Coordinates (Used for GUI, not necessarily related to Distances, Time, Costs)
0, 0, 4200, 1320, 3680, 510, 2110, 2820, 1320, 4990, 2390, 4220, 1760, 3280, 3840, 1090, 4500, 3250, 230, 20, 3200, 2890, 4260, 1410, 4300, 170, 4970, 4880, 810, 520, 1740, 4010, 1960, 330, 3630, 610, 3000, 3960, 2100, 3460, 3500, 30, 1810, 3290, 2730, 3920, 4970, 3140, 2780, 2910, 70, 1160, 1050, 2280, 3870, 90, 2210, 3370, 1600, 900, 440, 60, 3510, 900, 2740, 2230, 2300, 4100, 1170, 3090, 2270, 1080, 3920, 1420, 250, 1820, 3130, 4930, 1830, 3760, 2230, 150, 2540, 4170, 2000, 1140, 4780, 4820, 1190, 500, 1340, 3720, 1950, 3230, 3820, 1350, 1270, 3810, 1680, 4650, 560, 3850

Distances (Depot-Depot, Depot-1, Depot-..., Depot-N, 1-Depot, 1-1, ..., M-N)
0, 4403, 3715, 3522, 5162, 4850, 3722, 3992, 5551, 231, 4312, 4487, 4303, 6965, 963, 4371, 1988, 3681, 4968, 4047, 3500, 3755, 4777, 5879, 4024, 1162, 2510, 3871, 4030, 1836, 444, 3624, 3533, 4701, 3304, 2514, 4169, 1837, 5840, 4182, 2235, 4883, 2302, 6788, 1291, 3954, 3773, 4052, 4016, 4944, 3891, 4403, 0, 963, 2573, 4665, 3418, 3130, 427, 1953, 4177, 1861, 108, 1154, 3642, 3483, 3645, 2449, 910, 2900, 2998, 1468, 3097, 2987, 1976, 2132, 4133, 3293, 1273, 2857, 2634, 3966, 808, 1720, 3367, 3509, 1945, 297, 3982, 3765, 3402, 2291, 3298, 2207, 3548, 3120, 3734, 2951, 381, 3845, 4176, 4433, 3715, 963, 0, 2793, 5064, 3928, 3370, 602, 2860, 3485, 2428, 1071, 707, 4556, 2870, 4002, 1729, 112, 3516, 3346, 513, 3350, 3540, 2929, 2563, 3668, 3170, 461, 3216, 2116, 3271, 425, 1960, 3846, 3600, 1521, 941, 3672, 4454, 3740, 1494, 3833, 1794, 4448, 2490, 3972, 3224, 852, 4086, 4598, 4571, 3522, 2573, 2793, 0, 2309, 1428, 578, 2447, 2428, 3373, 1092, 2571, 3438, 3525, 2642, 1246, 2495, 2682, 1446, 640, 3117, 558, 1263, 2878, 676, 2630, 1190, 3248, 559, 1987, 3226, 2376, 863, 1294, 978, 1747, 2288, 2112, 2344, 981, 2673, 1417, 1684, 3336, 2496, 1184, 440, 2255, 1298, 1880, 1861, 5162, 4665, 5064, 2309, 0, 1318, 1766, 4643, 3625, 5088, 2819, 4632, 5667, 3652, 4499, 1066, 4704, 4952, 1971, 1717, 5418, 1769, 1770, 4092, 2541, 4029, 2723, 5524, 1848, 4100, 5008, 4639, 3104, 1324, 1906, 4024, 4416, 3346, 1811, 1332, 4925, 1470, 3910, 3464, 4492, 1270, 1869, 4416, 1181, 495, 1370, 4850, 3418, 3928, 1428, 1318, 0, 1132, 3450, 2322, 4723, 1557, 3375, 4478, 2663, 4023, 683, 3914, 3817, 663, 813, 4335, 1096, 453, 2797, 1367, 3840, 2358, 4387, 869, 3413, 4594, 3504, 2021, 150, 1663, 3142, 3191, 3216, 1026, 725, 4073, 158, 3105, 2464, 3909, 1163, 1083, 3207, 1193, 830, 1867, 3722, 3130, 3370, 578, 1766, 1132, 0, 3020, 2740, 3601, 1492, 3122, 4015, 3587, 2919, 730, 2957, 3260, 1414, 385, 3686, 51, 1162, 3213, 1085, 2711, 1226, 3825, 459, 2385, 3480, 2954, 1436, 982, 620, 2258, 2850, 2100, 2145, 485, 3165, 1183, 2153, 3390, 2838, 608, 196, 2823, 722, 1372, 1328, 3992, 427, 602, 2447, 4643, 3450, 3020, 0, 2259, 3765, 1910, 528, 1029, 3955, 3083, 3597, 2028, 524, 2990, 2940, 1113, 2993, 3040, 2341, 2106, 3771, 3033, 1000, 2803, 2248, 3553, 381, 1584, 3381, 3336, 1570, 340, 3663, 3905, 3342, 1864, 3343, 1841, 3847, 2715, 3629, 2855, 261, 3742, 4164, 4287, 5551, 1953, 2860, 2428, 3625, 2322, 2740, 2259, 0, 5354, 1349, 1856, 3086, 1696, 4590, 2863, 3870, 2780, 1660, 2409, 3372, 2690, 1893, 483, 1753, 4898, 3584, 3222, 2293, 3733, 5163, 2550, 2034, 2358, 3334, 3112, 1920, 4484, 2168, 2718, 3842, 2165, 3271, 1595, 4303, 3195, 2550, 2018, 3278, 3148, 3985, 231, 4177, 3485, 3373, 5088, 4723, 3601, 3765, 5354, 0, 4130, 4263, 4073, 6789, 766, 4266, 1758, 3451, 4816, 3915, 3270, 3632, 4632, 5675, 3854, 1151, 2404, 3641, 3891, 1628, 214, 3396, 3344, 4575, 3211, 2299, 3947, 1800, 5702, 4068, 2004, 4750, 2095, 6614, 1073, 3863, 3642, 3828, 3930, 4852, 3844, 4312, 1861, 2428, 1092, 2819, 1557, 1492, 1910, 1349, 4130, 0, 1820, 2934, 2663, 3366, 1840, 2845, 2320, 1089, 1239, 2876, 1446, 1132, 1788, 420, 3576, 2235, 2879, 1100, 2553, 3953, 2014, 804, 1508, 2040, 2035, 1637, 3138, 2041, 1623, 2907, 1440, 2122, 2494, 3123, 2037, 1295, 1660, 2138, 2326, 2809, 4487, 108, 1071, 2571, 4632, 3375, 3122, 528, 1856, 4263, 1820, 0, 1241, 3542, 3563, 3621, 2541, 1018, 2844, 2978, 1575, 3088, 2940, 1870, 2107, 4197, 3326, 1376, 2836, 2708, 4052, 907, 1727, 3328, 3517, 2017, 340, 4031, 3697, 3380, 2389, 3252, 2276, 3449, 3202, 3723, 2941, 444, 3834, 4142, 4432, 4303, 1154, 707, 3438, 5667, 4478, 4015, 1029, 3086, 4073, 2934, 1241, 0, 4757, 3508, 4615, 2345, 802, 4007, 3958, 812, 3992, 4065, 3045, 3133, 4344, 3875, 437, 3822, 2797, 3862, 1076, 2584, 4410, 4281, 2225, 1306, 4373, 4902, 4358, 2070, 4370, 2496, 4675, 3127, 4622, 3858, 1274, 4736, 5190, 5247, 6965, 3642, 4556, 3525, 3652, 2663, 3587, 3955, 1696, 6789, 2663, 3542, 4757, 0, 6026, 3345, 5456, 4475, 2174, 3202, 5068, 3537, 2437, 1740, 2946, 6152, 4704, 4915, 3146, 5215, 6615, 4239, 3463, 2782, 4200, 4662, 3616, 5625, 1841, 3334, 5466, 2532, 4776, 199, 5786, 3811, 3441, 3713, 3852, 3298, 4529, 963, 3483, 2870, 2642, 4499, 4023, 2919, 3083, 4590, 766, 3366, 3563, 3508, 6026, 0, 3612, 1166, 2821, 4078, 3211, 2734, 2945, 3905, 4916, 3097, 978, 1776, 3090, 3175, 877, 590, 2727, 2579, 3878, 2595, 1564, 3238, 1415, 4983, 3397, 1467, 4039, 1342, 5852, 381, 3244, 2940, 3122, 3322, 4221, 3339, 4371, 3645, 4002, 1246, 1066, 683, 730, 3597, 2863, 4266, 1840, 3621, 4615, 3345, 3612, 0, 3687, 3890, 1261, 657, 4352, 723, 994, 3345, 1514, 3303, 1863, 4461, 794, 3113, 4158, 3578, 2042, 567, 1082, 2978, 3385, 2649, 1667, 266, 3891, 816, 2882, 3146, 3553, 494, 808, 3377, 511, 643, 1191, 1988, 2449, 1729, 2495, 4704, 3914, 2957, 2028, 3870, 1758, 2845, 2541, 2345, 5456, 1166, 3687, 0, 1693, 3776, 3133, 1569, 2964, 3672, 4118, 2707, 2064, 2152, 1925, 3050, 674, 1544, 1651, 2054, 3785, 2871, 812, 2243, 2268, 4746, 3432, 324, 3884, 811, 5302, 789, 3446, 2900, 2121, 3548, 4329, 3788, 3681, 910, 112, 2682, 4952, 3817, 3260, 524, 2780, 3451, 2320, 1018, 802, 4475, 2821, 3890, 1693, 0, 3409, 3235, 594, 3240, 3430, 2863, 2452, 3602, 3073, 573, 3104, 2051, 3237, 314, 1848, 3735, 3493, 1439, 860, 3590, 4349, 3628, 1474, 3723, 1714, 4364, 2442, 3862, 3112, 764, 3976, 4486, 4463, 4968, 2900, 3516, 1446, 1971, 663, 1414, 2990, 1660, 4816, 1089, 2844, 4007, 2174, 4078, 1261, 3776, 3409, 0, 1030, 3962, 1366, 273, 2134, 1073, 4053, 2574, 3967, 986, 3365, 4665, 3102, 1749, 714, 2026, 2971, 2701, 3485, 979, 1187, 3887, 506, 2992, 1977, 3905, 1677, 1279, 2736, 1736, 1489, 2442, 4047, 2998, 3346, 640, 1717, 813, 385, 2940, 2409, 3915, 1239, 2978, 3958, 3202, 3211, 657, 3133, 3235, 1030, 0, 3705, 336, 780, 2888, 875, 3068, 1580, 3807, 142, 2608, 3784, 2923, 1387, 671, 1001, 2386, 2734, 2472, 1795, 404, 3313, 835, 2322, 3005, 3097, 803, 275, 2722, 901, 1262, 1589, 3500, 1468, 513, 3117, 5418, 4335, 3686, 1113, 3372, 3270, 2876, 1575, 812, 5068, 2734, 4352, 1569, 594, 3962, 3705, 0, 3672, 3965, 3440, 2969, 3611, 3326, 375, 3580, 2090, 3060, 870, 2328, 4243, 3846, 1617, 1452, 3710, 4914, 4087, 1276, 4250, 1866, 4958, 2357, 4276, 3556, 1358, 4389, 4966, 4820, 3755, 3097, 3350, 558, 1769, 1096, 51, 2993, 2690, 3632, 1446, 3088, 3992, 3537, 2945, 723, 2964, 3240, 1366, 336, 3672, 0, 1115, 3164, 1042, 2750, 1264, 3806, 408, 2399, 3509, 2933, 1410, 947, 671, 2257, 2819, 2143, 2105, 470, 3168, 1143, 2158, 3341, 2858, 637, 152, 2794, 750, 1366, 1370, 4777, 2987, 3540, 1263, 1770, 453, 1162, 3040, 1893, 4632, 1132, 2940, 4065, 2437, 3905, 994, 3672, 3430, 273, 780, 3965, 1115, 0, 2372, 1011, 3833, 2348, 3996, 757, 3224, 4488, 3119, 1690, 466, 1767, 2877, 2769, 3250, 1086, 914, 3803, 314, 2874, 2239, 3751, 1404, 1041, 2792, 1464, 1279, 2171, 5879, 1976, 2929, 2878, 4092, 2797, 3213, 2341, 483, 5675, 1788, 1870, 3045, 1740, 4916, 3345, 4118, 2863, 2134, 2888, 3440, 3164, 2372, 0, 2202, 5285, 4013, 3242, 2770, 4047, 5478, 2674, 2409, 2837, 3800, 3396, 2015, 4901, 2567, 3201, 4056, 2639, 3581, 1691, 4611, 3676, 3021, 2128, 3760, 3620, 4467, 4024, 2132, 2563, 676, 2541, 1367, 1085, 2106, 1753, 3854, 420, 2107, 3133, 2946, 3097, 1514, 2707, 2452, 1073, 875, 2969, 1042, 1011, 2202, 0, 3226, 1841, 3023, 732, 2331, 3688, 2138, 681, 1283, 1620, 1900, 1876, 2755, 2050, 1275, 2814, 1283, 1934, 2766, 2887, 1652, 890, 1875, 1758, 2059, 2411, 1162, 4133, 3668, 2630, 4029, 3840, 2711, 3771, 4898, 1151, 3576, 4197, 4344, 6152, 978, 3303, 2064, 3602, 4053, 3068, 3611, 2750, 3833, 5285, 3226, 0, 1488, 3948, 3076, 1552, 1161, 3450, 2876, 3690, 2221, 2201, 3859, 684, 4856, 3140, 2384, 3894, 1930, 5965, 1300, 2858, 2796, 3755, 2909, 3843, 2734, 2510, 3293, 3170, 1190, 2723, 2358, 1226, 3033, 3584, 2404, 2235, 3326, 3875, 4704, 1776, 1863, 2152, 3073, 2574, 1580, 3326, 1264, 2348, 4013, 1841, 1488, 0, 3571, 1592, 1486, 2302, 2821, 1691, 2208, 819, 1711, 2996, 923, 3369, 1673, 2435, 2407, 1484, 4513, 1785, 1469, 1309, 2922, 1546, 2452, 1645, 3871, 1273, 461, 3248, 5524, 4387, 3825, 1000, 3222, 3641, 2879, 1376, 437, 4915, 3090, 4461, 1925, 573, 3967, 3807, 375, 3806, 3996, 3242, 3023, 3948, 3571, 0, 3676, 2410, 3430, 886, 2420, 4306, 4036, 1882, 1331, 4012, 4896, 4199, 1641, 4291, 2145, 4817, 2711, 4425, 3680, 1261, 4539, 5059, 5009, 4030, 2857, 3216, 559, 1848, 869, 459, 2803, 2293, 3891, 1100, 2836, 3822, 3146, 3175, 794, 3050, 3104, 986, 142, 3580, 408, 757, 2770, 732, 3076, 1592, 3676, 0, 2544, 3754, 2791, 1257, 736, 1077, 2291, 2594, 2499, 1811, 545, 3220, 865, 2240, 2951, 3046, 938, 295, 2583, 1038, 1385, 1718, 1836, 2634, 2116, 1987, 4100, 3413, 2385, 2248, 3733, 1628, 2553, 2708, 2797, 5215, 877, 3113, 674, 2051, 3365, 2608, 2090, 2399, 3224, 4047, 2331, 1552, 1486, 2410, 2544, 0, 1432, 1910, 1752, 3276, 2232, 694, 2378, 1634, 4311, 2869, 979, 3402, 466, 5048, 573, 2832, 2356, 2265, 2929, 3751, 3128, 444, 3966, 3271, 3226, 5008, 4594, 3480, 3553, 5163, 214, 3953, 4052, 3862, 6615, 590, 4158, 1544, 3237, 4665, 3784, 3060, 3509, 4488, 5478, 3688, 1161, 2302, 3430, 3754, 1432, 0, 3183, 3162, 4448, 3117, 2095, 3736, 1770, 5564, 3952, 1792, 4615, 1897, 6442, 870, 3769, 3511, 3618, 3841, 4755, 3792, 3624, 808, 425, 2376, 4639, 3504, 2954, 381, 2550, 3396, 2014, 907, 1076, 4239, 2727, 3578, 1651, 314, 3102, 2923, 870, 2933, 3119, 2674, 2138, 3450, 2821, 886, 2791, 1910, 3183, 0, 1537, 3421, 3205, 1253, 662, 3387, 4048, 3317, 1484, 3411, 1529, 4121, 2354, 3558, 2804, 546, 3672, 4173, 4172, 3533, 1720, 1960, 863, 3104, 2021, 1436, 1584, 2034, 3344, 804, 1727, 2584, 3463, 2579, 2042, 2054, 1848, 1749, 1387, 2328, 1410, 1690, 2409, 681, 2876, 1691, 2420, 1257, 1752, 3162, 1537, 0, 1921, 1790, 1242, 1431, 2524, 2728, 1780, 2142, 1950, 1317, 3297, 2323, 2045, 1274, 1393, 2158, 2642, 2716, 4701, 3367, 3846, 1294, 1324, 150, 982, 3381, 2358, 4575, 1508, 3328, 4410, 2782, 3878, 567, 3785, 3735, 714, 671, 4243, 947, 466, 2837, 1283, 3690, 2208, 4306, 736, 3276, 4448, 3421, 1921, 0, 1516, 3020, 3132, 3066, 1174, 580, 3951, 250, 2975, 2582, 3767, 1032, 938, 3142, 1070, 829, 1758, 3304, 3509, 3600, 978, 1906, 1663, 620, 3336, 3334, 3211, 2040, 3517, 4281, 4200, 2595, 1082, 2871, 3493, 2026, 1001, 3846, 671, 1767, 3800, 1620, 2221, 819, 4036, 1077, 2232, 3117, 3205, 1790, 1516, 0, 2291, 3217, 1568, 2688, 940, 3125, 1745, 2119, 4003, 2590, 653, 792, 3170, 727, 1641, 975, 2514, 1945, 1521, 1747, 4024, 3142, 2258, 1570, 3112, 2299, 2035, 2017, 2225, 4662, 1564, 2978, 812, 1439, 2971, 2386, 1617, 2257, 2877, 3396, 1900, 2201, 1711, 1882, 2291, 694, 2095, 1253, 1242, 3020, 2291, 0, 1685, 2151, 3945, 2716, 931, 3102, 277, 4504, 1226, 2799, 2174, 1573, 2907, 3618, 3255, 4169, 297, 941, 2288, 4416, 3191, 2850, 340, 1920, 3947, 1637, 340, 1306, 3616, 3238, 3385, 2243, 860, 2701, 2734, 1452, 2819, 2769, 2015, 1876, 3859, 2996, 1331, 2594, 2378, 3736, 662, 1431, 3132, 3217, 1685, 0, 3692, 3598, 3137, 2114, 3077, 1940, 3507, 2881, 3456, 2675, 122, 3569, 3931, 4147, 1837, 3982, 3672, 2112, 3346, 3216, 2100, 3663, 4484, 1800, 3138, 4031, 4373, 5625, 1415, 2649, 2268, 3590, 3485, 2472, 3710, 2143, 3250, 4901, 2755, 684, 923, 4012, 2499, 1634, 1770, 3387, 2524, 3066, 1568, 2151, 3692, 0, 4239, 2502, 2590, 3281, 1877, 5433, 1620, 2190, 2209, 3601, 2236, 3171, 2054, 5840, 3765, 4454, 2344, 1811, 1026, 2145, 3905, 2168, 5702, 2041, 3697, 4902, 1841, 4983, 1667, 4746, 4349, 979, 1795, 4914, 2105, 1086, 2567, 2050, 4856, 3369, 4896, 1811, 4311, 5564, 4048, 2728, 1174, 2688, 3945, 3598, 4239, 0, 1749, 4864, 962, 3955, 1654, 4836, 2161, 2069, 3646, 2171, 1477, 2788, 4182, 3402, 3740, 981, 1332, 725, 485, 3342, 2718, 4068, 1623, 3380, 4358, 3334, 3397, 266, 3432, 3628, 1187, 404, 4087, 470, 914, 3201, 1275, 3140, 1673, 4199, 545, 2869, 3952, 3317, 1780, 580, 940, 2716, 3137, 2502, 1749, 0, 3632, 820, 2626, 3135, 3322, 492, 543, 3125, 562, 903, 1273, 2235, 2291, 1494, 2673, 4925, 4073, 3165, 1864, 3842, 2004, 2907, 2389, 2070, 5466, 1467, 3891, 324, 1474, 3887, 3313, 1276, 3168, 3803, 4056, 2814, 2384, 2435, 1641, 3220, 979, 1792, 1484, 2142, 3951, 3125, 931, 2114, 2590, 4864, 3632, 0, 4032, 1016, 5321, 1097, 3679, 3093, 1992, 3784, 4533, 4059, 4883, 3298, 3833, 1417, 1470, 158, 1183, 3343, 2165, 4750, 1440, 3252, 4370, 2532, 4039, 816, 3884, 3723, 506, 835, 4250, 1143, 314, 2639, 1283, 3894, 2407, 4291, 865, 3402, 4615, 3411, 1950, 250, 1745, 3102, 3077, 3281, 962, 820, 4032, 0, 3078, 2332, 3910, 1282, 1110, 3097, 1320, 985, 2006, 2302, 2207, 1794, 1684, 3910, 3105, 2153, 1841, 3271, 2095, 2122, 2276, 2496, 4776, 1342, 2882, 811, 1714, 2992, 2322, 1866, 2158, 2874, 3581, 1934, 1930, 1484, 2145, 2240, 466, 1897, 1529, 1317, 2975, 2119, 277, 1940, 1877, 3955, 2626, 1016, 3078, 0, 4612, 1032, 2663, 2091, 1832, 2768, 3525, 3069, 6788, 3548, 4448, 3336, 3464, 2464, 3390, 3847, 1595, 6614, 2494, 3449, 4675, 199, 5852, 3146, 5302, 4364, 1977, 3005, 4958, 3341, 2239, 1691, 2766, 5965, 4513, 4817, 2951, 5048, 6442, 4121, 3297, 2582, 4003, 4504, 3507, 5433, 1654, 3135, 5321, 2332, 4612, 0, 5617, 3612, 3246, 3600, 3652, 3105, 4330, 1291, 3120, 2490, 2496, 4492, 3909, 2838, 2715, 4303, 1073, 3123, 3202, 3127, 5786, 381, 3553, 789, 2442, 3905, 3097, 2357, 2858, 3751, 4611, 2887, 1300, 1785, 2711, 3046, 573, 870, 2354, 2323, 3767, 2590, 1226, 2881, 1620, 4836, 3322, 1097, 3910, 1032, 5617, 0, 3223, 2834, 2764, 3311, 4179, 3409, 3954, 3734, 3972, 1184, 1270, 1163, 608, 3629, 3195, 3863, 2037, 3723, 4622, 3811, 3244, 494, 3446, 3862, 1677, 803, 4276, 637, 1404, 3676, 1652, 2858, 1469, 4425, 938, 2832, 3769, 3558, 2045, 1032, 653, 2799, 3456, 2190, 2161, 492, 3679, 1282, 2663, 3612, 3223, 0, 782, 3430, 114, 990, 791, 3773, 2951, 3224, 440, 1869, 1083, 196, 2855, 2550, 3642, 1295, 2941, 3858, 3441, 2940, 808, 2900, 3112, 1279, 275, 3556, 152, 1041, 3021, 890, 2796, 1309, 3680, 295, 2356, 3511, 2804, 1274, 938, 792, 2174, 2675, 2209, 2069, 543, 3093, 1110, 2091, 3246, 2834, 782, 0, 2652, 894, 1445, 1522, 4052, 381, 852, 2255, 4416, 3207, 2823, 261, 2018, 3828, 1660, 444, 1274, 3713, 3122, 3377, 2121, 764, 2736, 2722, 1358, 2794, 2792, 2128, 1875, 3755, 2922, 1261, 2583, 2265, 3618, 546, 1393, 3142, 3170, 1573, 122, 3601, 3646, 3125, 1992, 3097, 1832, 3600, 2764, 3430, 2652, 0, 3543, 3933, 4108, 4016, 3845, 4086, 1298, 1181, 1193, 722, 3742, 3278, 3930, 2138, 3834, 4736, 3852, 3322, 511, 3548, 3976, 1736, 901, 4389, 750, 1464, 3760, 1758, 2909, 1546, 4539, 1038, 2929, 3841, 3672, 2158, 1070, 727, 2907, 3569, 2236, 2171, 562, 3784, 1320, 2768, 3652, 3311, 114, 894, 3543, 0, 935, 711, 4944, 4176, 4598, 1880, 495, 830, 1372, 4164, 3148, 4852, 2326, 4142, 5190, 3298, 4221, 643, 4329, 4486, 1489, 1262, 4966, 1366, 1279, 3620, 2059, 3843, 2452, 5059, 1385, 3751, 4755, 4173, 2642, 829, 1641, 3618, 3931, 3171, 1477, 903, 4533, 985, 3525, 3105, 4179, 990, 1445, 3933, 935, 0, 1376, 3891, 4433, 4571, 1861, 1370, 1867, 1328, 4287, 3985, 3844, 2809, 4432, 5247, 4529, 3339, 1191, 3788, 4463, 2442, 1589, 4820, 1370, 2171, 4467, 2411, 2734, 1645, 5009, 1718, 3128, 3792, 4172, 2716, 1758, 975, 3255, 4147, 2054, 2788, 1273, 4059, 2006, 3069, 4330, 3409, 791, 1522, 4108, 711, 1376, 0

Time (same as Distance for all Modes: combustion, combustion+charging, electric, combustion+electric)
0, 11.01, 9.29, 8.81, 10.68, 12.13, 9.31, 9.98, 11.48, 1.16, 10.78, 11.22, 10.76, 14.41, 3.4, 10.93, 4.97, 9.2, 12.42, 10.12, 8.75, 9.39, 11.94, 12.16, 10.06, 2.91, 6.28, 9.68, 10.08, 4.59, 2.22, 9.06, 8.83, 11.75, 8.26, 6.29, 10.42, 4.59, 12.08, 10.46, 5.59, 12.21, 5.76, 14.04, 3.23, 9.89, 9.43, 10.13, 10.04, 12.36, 9.73, 11.01, 0, 3.4, 6.43, 11.66, 8.55, 7.83, 2.14, 4.88, 10.44, 4.65, 0.54, 2.89, 9.11, 8.71, 9.11, 6.12, 3.21, 7.25, 7.5, 3.67, 7.74, 7.47, 4.94, 5.33, 10.33, 8.23, 3.18, 7.14, 6.59, 9.92, 2.85, 4.3, 8.42, 8.77, 4.86, 1.49, 9.96, 9.41, 8.51, 5.73, 8.25, 5.52, 8.87, 7.8, 9.34, 7.38, 1.91, 9.61, 10.44, 11.08, 9.29, 3.4, 0, 6.98, 10.48, 9.82, 8.43, 2.12, 7.15, 8.71, 6.07, 2.68, 2.5, 11.39, 7.18, 10.01, 4.32, 0.56, 8.79, 8.37, 1.81, 8.38, 8.85, 7.32, 6.41, 9.17, 7.93, 2.31, 8.04, 5.29, 8.18, 2.13, 4.9, 9.62, 9, 3.8, 3.32, 9.18, 11.14, 9.35, 3.74, 9.58, 4.49, 11.12, 6.23, 9.93, 8.06, 3.01, 10.22, 11.5, 11.43, 8.81, 6.43, 6.98, 0, 5.77, 3.57, 2.04, 6.12, 6.07, 8.43, 2.73, 6.43, 8.6, 8.81, 6.61, 3.12, 6.24, 6.71, 3.62, 2.26, 7.79, 1.97, 3.16, 7.2, 2.39, 6.58, 2.98, 8.12, 1.97, 4.97, 8.07, 5.94, 3.05, 3.24, 3.45, 4.37, 5.72, 5.28, 5.86, 3.46, 6.68, 3.54, 4.21, 8.34, 6.24, 2.96, 2.2, 5.64, 3.25, 4.7, 4.65, 10.68, 11.66, 10.48, 5.77, 0, 3.3, 4.42, 11.61, 9.06, 10.53, 7.05, 11.58, 11.72, 9.13, 11.25, 2.67, 11.76, 12.38, 4.93, 4.29, 11.21, 4.42, 4.43, 10.23, 6.35, 10.07, 6.81, 11.43, 4.62, 10.25, 10.36, 11.6, 7.76, 3.31, 4.77, 10.06, 11.04, 8.37, 4.53, 3.33, 12.31, 3.68, 9.78, 8.66, 11.23, 3.18, 4.67, 11.04, 2.95, 2.48, 3.43, 12.13, 8.55, 9.82, 3.57, 3.3, 0, 2.83, 8.63, 5.81, 11.81, 3.89, 8.44, 11.2, 6.66, 10.06, 2.41, 9.79, 9.54, 2.34, 2.87, 10.84, 2.74, 2.27, 6.99, 3.42, 9.6, 5.9, 10.97, 3.07, 8.53, 11.49, 8.76, 5.05, 0.75, 4.16, 7.86, 7.98, 8.04, 2.57, 2.56, 10.18, 0.79, 7.76, 6.16, 9.77, 2.91, 2.71, 8.02, 2.98, 2.93, 4.67, 9.31, 7.83, 8.43, 2.04, 4.42, 2.83, 0, 7.55, 6.85, 9, 3.73, 7.81, 10.04, 8.97, 7.3, 2.58, 7.39, 8.15, 3.54, 1.93, 9.22, 0.31, 2.91, 8.03, 2.71, 6.78, 3.07, 9.56, 2.3, 5.96, 8.7, 7.39, 3.59, 3.47, 2.19, 5.65, 7.13, 5.25, 5.36, 2.43, 7.91, 2.96, 5.38, 8.48, 7.1, 2.15, 0.98, 7.06, 2.55, 3.43, 3.32, 9.98, 2.14, 2.12, 6.12, 11.61, 8.63, 7.55, 0, 5.65, 9.41, 4.78, 1.86, 2.57, 9.89, 7.71, 8.99, 5.07, 1.85, 7.48, 7.35, 2.78, 7.48, 7.6, 5.85, 5.27, 9.43, 7.58, 3.53, 7.01, 5.62, 8.88, 1.91, 3.96, 8.45, 8.34, 3.93, 1.7, 9.16, 9.76, 8.36, 4.66, 8.36, 4.6, 9.62, 6.79, 9.07, 7.14, 1.31, 9.36, 10.41, 10.72, 11.48, 4.88, 7.15, 6.07, 9.06, 5.81, 6.85, 5.65, 0, 11.08, 3.37, 4.64, 7.72, 4.24, 11.48, 7.16, 9.68, 6.95, 4.15, 6.02, 8.43, 6.73, 4.73, 2.42, 4.38, 12.25, 8.96, 8.06, 5.73, 9.33, 10.68, 6.38, 5.09, 5.9, 8.34, 7.78, 4.8, 11.21, 5.42, 6.8, 9.61, 5.41, 8.18, 3.99, 10.76, 7.99, 6.38, 5.05, 8.2, 7.87, 9.96, 1.16, 10.44, 8.71, 8.43, 10.53, 11.81, 9, 9.41, 11.08, 0, 10.33, 10.66, 10.18, 14.05, 2.7, 10.67, 4.4, 8.63, 12.04, 9.79, 8.18, 9.08, 11.58, 11.74, 9.64, 2.88, 6.01, 9.1, 9.73, 4.07, 1.07, 8.49, 8.36, 11.44, 8.03, 5.75, 9.87, 4.5, 11.8, 10.17, 5.01, 11.88, 5.24, 13.68, 2.68, 9.66, 9.11, 9.57, 9.83, 12.13, 9.61, 10.78, 4.65, 6.07, 2.73, 7.05, 3.89, 3.73, 4.78, 3.37, 10.33, 0, 4.55, 7.34, 6.66, 8.42, 4.6, 7.11, 5.8, 2.72, 3.1, 7.19, 3.62, 2.83, 4.47, 2.1, 8.94, 5.59, 7.2, 2.75, 6.38, 9.88, 5.04, 2.84, 3.77, 5.1, 5.09, 4.09, 7.85, 5.1, 4.06, 7.27, 3.6, 5.31, 6.24, 7.81, 5.09, 3.24, 4.15, 5.35, 5.82, 7.02, 11.22, 0.54, 2.68, 6.43, 11.58, 8.44, 7.81, 1.86, 4.64, 10.66, 4.55, 0, 3.1, 8.86, 8.91, 9.05, 6.35, 2.55, 7.11, 7.45, 3.94, 7.72, 7.35, 4.68, 5.27, 10.49, 8.32, 3.44, 7.09, 6.77, 10.13, 3.2, 4.32, 8.32, 8.79, 5.04, 1.7, 10.08, 9.24, 8.45, 5.97, 8.13, 5.69, 8.62, 8.01, 9.31, 7.35, 2.22, 9.59, 10.36, 11.08, 10.76, 2.89, 2.5, 8.6, 11.72, 11.2, 10.04, 2.57, 7.72, 10.18, 7.34, 3.1, 0, 11.89, 8.77, 11.54, 5.86, 2.83, 10.02, 9.9, 2.87, 9.98, 10.16, 7.61, 7.83, 10.86, 9.69, 2.19, 9.56, 6.99, 9.66, 2.69, 6.46, 11.03, 10.7, 5.56, 3.27, 10.93, 12.26, 10.9, 5.18, 10.93, 6.24, 11.69, 7.82, 11.56, 9.65, 3.19, 11.84, 10.74, 10.86, 14.41, 9.11, 11.39, 8.81, 9.13, 6.66, 8.97, 9.89, 4.24, 14.05, 6.66, 8.86, 11.89, 0, 12.47, 8.36, 11.29, 11.19, 5.44, 8.01, 10.49, 8.84, 6.09, 4.35, 7.37, 12.73, 11.76, 12.29, 7.87, 10.79, 13.69, 10.6, 8.66, 6.96, 10.5, 11.66, 9.04, 11.64, 4.6, 8.34, 11.31, 6.33, 11.94, 1, 11.97, 9.53, 8.6, 9.28, 9.63, 8.25, 11.32, 3.4, 8.71, 7.18, 6.61, 11.25, 10.06, 7.3, 7.71, 11.48, 2.7, 8.42, 8.91, 8.77, 12.47, 0, 9.03, 2.92, 7.05, 10.2, 8.03, 6.84, 7.36, 9.76, 12.29, 7.74, 3.45, 4.44, 7.73, 7.94, 3.1, 2.08, 6.82, 6.45, 9.7, 6.49, 3.91, 8.1, 3.54, 12.46, 8.49, 3.67, 10.1, 3.36, 12.11, 1.91, 8.11, 7.35, 7.81, 8.31, 10.55, 8.35, 10.93, 9.11, 10.01, 3.12, 2.67, 2.41, 2.58, 8.99, 7.16, 10.67, 4.6, 9.05, 11.54, 8.36, 9.03, 0, 9.22, 9.73, 3.15, 2.32, 10.88, 2.55, 3.51, 8.36, 3.79, 8.26, 4.66, 11.15, 2.8, 7.78, 10.4, 8.95, 5.11, 2, 2.71, 7.45, 8.46, 6.62, 4.17, 1.33, 9.73, 2.88, 7.21, 7.87, 8.88, 2.47, 2.85, 8.44, 1.8, 2.27, 2.98, 4.97, 6.12, 4.32, 6.24, 11.76, 9.79, 7.39, 5.07, 9.68, 4.4, 7.11, 6.35, 5.86, 11.29, 2.92, 9.22, 0, 4.23, 9.44, 7.83, 3.92, 7.41, 9.18, 10.3, 6.77, 5.16, 5.38, 4.81, 7.63, 2.38, 3.86, 4.13, 5.14, 9.46, 7.18, 2.87, 5.61, 5.67, 11.87, 8.58, 1.62, 9.71, 2.86, 10.97, 2.78, 8.62, 7.25, 5.3, 8.87, 10.82, 9.47, 9.2, 3.21, 0.56, 6.71, 12.38, 9.54, 8.15, 1.85, 6.95, 8.63, 5.8, 2.55, 2.83, 11.19, 7.05, 9.73, 4.23, 0, 8.52, 8.09, 2.1, 8.1, 8.58, 7.16, 6.13, 9.01, 7.68, 2.02, 7.76, 5.13, 8.09, 1.57, 4.62, 9.34, 8.73, 3.6, 3.04, 8.98, 10.87, 9.07, 3.69, 9.31, 4.29, 10.91, 6.11, 9.66, 7.78, 2.7, 9.94, 11.22, 11.16, 12.42, 7.25, 8.79, 3.62, 4.93, 2.34, 3.54, 7.48, 4.15, 12.04, 2.72, 7.11, 10.02, 5.44, 10.2, 3.15, 9.44, 8.52, 0, 2.58, 9.91, 3.42, 1.37, 5.34, 2.68, 10.13, 6.44, 9.92, 3.48, 8.41, 11.66, 7.76, 4.37, 2.52, 5.07, 7.43, 6.75, 8.71, 3.46, 2.97, 9.72, 1.79, 7.48, 4.94, 9.76, 4.19, 3.2, 6.84, 4.34, 3.72, 6.11, 10.12, 7.5, 8.37, 2.26, 4.29, 2.87, 1.93, 7.35, 6.02, 9.79, 3.1, 7.45, 9.9, 8.01, 8.03, 2.32, 7.83, 8.09, 2.58, 0, 9.26, 1.68, 2.75, 7.22, 3.09, 7.67, 3.95, 9.52, 0.71, 6.52, 9.46, 7.31, 3.47, 2.37, 2.5, 5.97, 6.84, 6.18, 4.49, 2.02, 8.28, 2.95, 5.81, 7.51, 7.74, 2.83, 1.38, 6.81, 3.18, 3.16, 3.97, 8.75, 3.67, 1.81, 7.79, 11.21, 10.84, 9.22, 2.78, 8.43, 8.18, 7.19, 3.94, 2.87, 10.49, 6.84, 10.88, 3.92, 2.1, 9.91, 9.26, 0, 9.18, 9.91, 8.6, 7.42, 9.03, 8.32, 1.88, 8.95, 5.23, 7.65, 3.07, 5.82, 10.61, 9.62, 4.04, 3.63, 9.28, 12.29, 10.22, 3.19, 10.63, 4.67, 12.4, 5.89, 10.69, 8.89, 3.4, 10.97, 12.42, 12.05, 9.39, 7.74, 8.38, 1.97, 4.42, 2.74, 0.31, 7.48, 6.73, 9.08, 3.62, 7.72, 9.98, 8.84, 7.36, 2.55, 7.41, 8.1, 3.42, 1.68, 9.18, 0, 2.79, 7.91, 2.61, 6.88, 3.16, 9.52, 2.04, 6, 8.77, 7.33, 3.53, 3.34, 2.37, 5.64, 7.05, 5.36, 5.26, 2.35, 7.92, 2.86, 5.4, 8.35, 7.15, 2.25, 0.76, 6.99, 2.65, 3.42, 3.43, 11.94, 7.47, 8.85, 3.16, 4.43, 2.27, 2.91, 7.6, 4.73, 11.58, 2.83, 7.35, 10.16, 6.09, 9.76, 3.51, 9.18, 8.58, 1.37, 2.75, 9.91, 2.79, 0, 5.93, 2.53, 9.58, 5.87, 9.99, 2.67, 8.06, 11.22, 7.8, 4.23, 2.33, 4.42, 7.19, 6.92, 8.13, 2.72, 3.23, 9.51, 1.57, 7.19, 5.6, 9.38, 3.51, 2.6, 6.98, 3.66, 3.2, 5.43, 12.16, 4.94, 7.32, 7.2, 10.23, 6.99, 8.03, 5.85, 2.42, 11.74, 4.47, 4.68, 7.61, 4.35, 12.29, 8.36, 10.3, 7.16, 5.34, 7.22, 8.6, 7.91, 5.93, 0, 5.51, 10.93, 10.03, 8.11, 6.93, 10.12, 11.33, 6.69, 6.02, 7.09, 9.5, 8.49, 5.04, 12.25, 6.42, 8, 10.14, 6.6, 8.95, 4.23, 11.53, 9.19, 7.55, 5.32, 9.4, 9.05, 11.17, 10.06, 5.33, 6.41, 2.39, 6.35, 3.42, 2.71, 5.27, 4.38, 9.64, 2.1, 5.27, 7.83, 7.37, 7.74, 3.79, 6.77, 6.13, 2.68, 3.09, 7.42, 2.61, 2.53, 5.51, 0, 8.07, 4.6, 7.56, 2.58, 5.83, 9.22, 5.35, 2.4, 3.21, 4.05, 4.75, 4.69, 6.89, 5.13, 3.19, 7.04, 3.21, 4.84, 6.92, 7.22, 4.13, 3.14, 4.69, 4.4, 5.15, 6.03, 2.91, 10.33, 9.17, 6.58, 10.07, 9.6, 6.78, 9.43, 12.25, 2.88, 8.94, 10.49, 10.86, 12.73, 3.45, 8.26, 5.16, 9.01, 10.13, 7.67, 9.03, 6.88, 9.58, 10.93, 8.07, 0, 3.72, 9.87, 7.69, 3.88, 2.9, 8.63, 7.19, 9.23, 5.55, 5.5, 9.65, 2.41, 12.14, 7.85, 5.96, 9.74, 4.83, 12.34, 3.25, 7.15, 6.99, 9.39, 7.27, 9.61, 6.84, 6.28, 8.23, 7.93, 2.98, 6.81, 5.9, 3.07, 7.58, 8.96, 6.01, 5.59, 8.32, 9.69, 11.76, 4.44, 4.66, 5.38, 7.68, 6.44, 3.95, 8.32, 3.16, 5.87, 10.03, 4.6, 3.72, 0, 8.93, 3.98, 3.72, 5.76, 7.05, 4.23, 5.52, 2.89, 4.28, 7.49, 3.26, 8.42, 4.18, 6.09, 6.02, 3.71, 11.28, 4.46, 3.67, 3.27, 7.31, 3.87, 6.13, 4.11, 9.68, 3.18, 2.31, 8.12, 11.43, 10.97, 9.56, 3.53, 8.06, 9.1, 7.2, 3.44, 2.19, 12.29, 7.73, 11.15, 4.81, 2.02, 9.92, 9.52, 1.88, 9.52, 9.99, 8.11, 7.56, 9.87, 8.93, 0, 9.19, 6.03, 8.58, 3.13, 6.05, 10.77, 10.09, 4.71, 3.33, 10.03, 12.24, 10.5, 4.1, 10.73, 5.36, 12.04, 6.78, 11.06, 9.2, 3.15, 11.35, 10.47, 10.36, 10.08, 7.14, 8.04, 1.97, 4.62, 3.07, 2.3, 7.01, 5.73, 9.73, 2.75, 7.09, 9.56, 7.87, 7.94, 2.8, 7.63, 7.76, 3.48, 0.71, 8.95, 2.04, 2.67, 6.93, 2.58, 7.69, 3.98, 9.19, 0, 6.36, 9.39, 6.98, 3.14, 2.6, 2.69, 5.73, 6.49, 6.25, 4.53, 1.92, 8.05, 3.05, 5.6, 7.38, 7.62, 3.31, 1.48, 6.46, 2.6, 3.46, 4.3, 4.59, 6.59, 5.29, 4.97, 10.25, 8.53, 5.96, 5.62, 9.33, 4.07, 6.38, 6.77, 6.99, 10.79, 3.1, 7.78, 2.38, 5.13, 8.41, 6.52, 5.23, 6, 8.06, 10.12, 5.83, 3.88, 3.72, 6.03, 6.36, 0, 3.58, 4.78, 4.38, 8.19, 5.58, 2.45, 5.95, 4.09, 10.78, 7.17, 3.46, 8.51, 2.33, 10.44, 2.02, 7.08, 5.89, 5.66, 7.32, 9.38, 7.82, 2.22, 9.92, 8.18, 8.07, 10.36, 11.49, 8.7, 8.88, 10.68, 1.07, 9.88, 10.13, 9.66, 13.69, 2.08, 10.4, 3.86, 8.09, 11.66, 9.46, 7.65, 8.77, 11.22, 11.33, 9.22, 2.9, 5.76, 8.58, 9.39, 3.58, 0, 7.96, 7.91, 11.12, 7.79, 5.24, 9.34, 4.43, 11.51, 9.88, 4.48, 11.54, 4.74, 13.33, 3.07, 9.42, 8.78, 9.05, 9.6, 11.89, 9.48, 9.06, 2.85, 2.13, 5.94, 11.6, 8.76, 7.39, 1.91, 6.38, 8.49, 5.04, 3.2, 2.69, 10.6, 6.82, 8.95, 4.13, 1.57, 7.76, 7.31, 3.07, 7.33, 7.8, 6.69, 5.35, 8.63, 7.05, 3.13, 6.98, 4.78, 7.96, 0, 3.84, 8.55, 8.01, 3.13, 2.34, 8.47, 10.12, 8.29, 3.71, 8.53, 3.82, 10.3, 5.89, 8.9, 7.01, 1.93, 9.18, 10.43, 10.43, 8.83, 4.3, 4.9, 3.05, 7.76, 5.05, 3.59, 3.96, 5.09, 8.36, 2.84, 4.32, 6.46, 8.66, 6.45, 5.11, 5.14, 4.62, 4.37, 3.47, 5.82, 3.53, 4.23, 6.02, 2.4, 7.19, 4.23, 6.05, 3.14, 4.38, 7.91, 3.84, 0, 4.8, 4.48, 3.11, 3.58, 6.31, 6.82, 4.45, 5.36, 4.88, 3.29, 8.24, 5.81, 5.11, 3.19, 3.48, 5.4, 6.61, 6.79, 11.75, 8.42, 9.62, 3.24, 3.31, 0.75, 3.47, 8.45, 5.9, 11.44, 3.77, 8.32, 11.03, 6.96, 9.7, 2, 9.46, 9.34, 2.52, 2.37, 10.61, 3.34, 2.33, 7.09, 3.21, 9.23, 5.52, 10.77, 2.6, 8.19, 11.12, 8.55, 4.8, 0, 3.79, 7.55, 7.83, 7.67, 2.94, 2.05, 9.88, 1.25, 7.44, 6.46, 9.42, 2.58, 3.31, 7.86, 2.68, 2.93, 4.4, 8.26, 8.77, 9, 3.45, 4.77, 4.16, 2.19, 8.34, 8.34, 8.03, 5.1, 8.79, 10.7, 10.5, 6.49, 2.71, 7.18, 8.73, 5.07, 2.5, 9.62, 2.37, 4.42, 9.5, 4.05, 5.55, 2.89, 10.09, 2.69, 5.58, 7.79, 8.01, 4.48, 3.79, 0, 5.73, 8.04, 3.92, 6.72, 3.32, 7.81, 4.36, 5.3, 10.01, 6.48, 2.3, 2.8, 7.93, 2.57, 4.1, 3.44, 6.29, 4.86, 3.8, 4.37, 10.06, 7.86, 5.65, 3.93, 7.78, 5.75, 5.09, 5.04, 5.56, 11.66, 3.91, 7.45, 2.87, 3.6, 7.43, 5.97, 4.04, 5.64, 7.19, 8.49, 4.75, 5.5, 4.28, 4.71, 5.73, 2.45, 5.24, 3.13, 3.11, 7.55, 5.73, 0, 4.21, 5.38, 9.86, 6.79, 3.29, 7.76, 1.39, 11.26, 3.07, 7, 5.44, 3.93, 7.27, 9.05, 8.14, 10.42, 1.49, 3.32, 5.72, 11.04, 7.98, 7.13, 1.7, 4.8, 9.87, 4.09, 1.7, 3.27, 9.04, 8.1, 8.46, 5.61, 3.04, 6.75, 6.84, 3.63, 7.05, 6.92, 5.04, 4.69, 9.65, 7.49, 3.33, 6.49, 5.95, 9.34, 2.34, 3.58, 7.83, 8.04, 4.21, 0, 9.23, 9, 7.84, 5.29, 7.69, 4.85, 8.77, 7.2, 8.64, 6.69, 0.61, 8.92, 9.83, 10.37, 4.59, 9.96, 9.18, 5.28, 8.37, 8.04, 5.25, 9.16, 11.21, 4.5, 7.85, 10.08, 10.93, 11.64, 3.54, 6.62, 5.67, 8.98, 8.71, 6.18, 9.28, 5.36, 8.13, 12.25, 6.89, 2.41, 3.26, 10.03, 6.25, 4.09, 4.43, 8.47, 6.31, 7.67, 3.92, 5.38, 9.23, 0, 10.6, 6.26, 6.48, 8.2, 4.69, 11.24, 4.05, 5.48, 5.52, 9, 5.59, 7.93, 5.14, 12.08, 9.41, 11.14, 5.86, 4.53, 2.57, 5.36, 9.76, 5.42, 11.8, 5.1, 9.24, 12.26, 4.6, 12.46, 4.17, 11.87, 10.87, 3.46, 4.49, 12.29, 5.26, 2.72, 6.42, 5.13, 12.14, 8.42, 12.24, 4.53, 10.78, 11.51, 10.12, 6.82, 2.94, 6.72, 9.86, 9, 10.6, 0, 4.37, 12.16, 3.4, 9.89, 4.14, 12.09, 5.4, 5.17, 9.12, 5.43, 3.69, 6.97, 10.46, 8.51, 9.35, 3.46, 3.33, 2.56, 2.43, 8.36, 6.8, 10.17, 4.06, 8.45, 10.9, 8.34, 8.49, 1.33, 8.58, 9.07, 2.97, 2.02, 10.22, 2.35, 3.23, 8, 3.19, 7.85, 4.18, 10.5, 1.92, 7.17, 9.88, 8.29, 4.45, 2.05, 3.32, 6.79, 7.84, 6.26, 4.37, 0, 9.08, 2.89, 6.57, 7.84, 8.31, 2.46, 1.92, 7.81, 1.98, 3.19, 3.18, 5.59, 5.73, 3.74, 6.68, 12.31, 10.18, 7.91, 4.66, 9.61, 5.01, 7.27, 5.97, 5.18, 11.31, 3.67, 9.73, 1.62, 3.69, 9.72, 8.28, 3.19, 7.92, 9.51, 10.14, 7.04, 5.96, 6.09, 4.1, 8.05, 3.46, 4.48, 3.71, 5.36, 9.88, 7.81, 3.29, 5.29, 6.48, 12.16, 9.08, 0, 10.08, 2.54, 11.01, 2.74, 9.2, 7.73, 4.98, 9.46, 11.33, 10.15, 12.21, 8.25, 9.58, 3.54, 3.68, 0.79, 2.96, 8.36, 5.41, 11.88, 3.6, 8.13, 10.93, 6.33, 10.1, 2.88, 9.71, 9.31, 1.79, 2.95, 10.63, 2.86, 1.57, 6.6, 3.21, 9.74, 6.02, 10.73, 3.05, 8.51, 11.54, 8.53, 4.88, 1.25, 4.36, 7.76, 7.69, 8.2, 3.4, 2.89, 10.08, 0, 7.7, 5.83, 9.78, 3.21, 2.78, 7.74, 3.3, 3.48, 5.02, 5.76, 5.52, 4.49, 4.21, 9.78, 7.76, 5.38, 4.6, 8.18, 5.24, 5.31, 5.69, 6.24, 11.94, 3.36, 7.21, 2.86, 4.29, 7.48, 5.81, 4.67, 5.4, 7.19, 8.95, 4.84, 4.83, 3.71, 5.36, 5.6, 2.33, 4.74, 3.82, 3.29, 7.44, 5.3, 1.39, 4.85, 4.69, 9.89, 6.57, 2.54, 7.7, 0, 11.53, 2.58, 6.66, 5.23, 4.58, 6.92, 8.81, 7.67, 14.04, 8.87, 11.12, 8.34, 8.66, 6.16, 8.48, 9.62, 3.99, 13.68, 6.24, 8.62, 11.69, 1, 12.11, 7.87, 10.97, 10.91, 4.94, 7.51, 12.4, 8.35, 5.6, 4.23, 6.92, 12.34, 11.28, 12.04, 7.38, 10.44, 13.33, 10.3, 8.24, 6.46, 10.01, 11.26, 8.77, 11.24, 4.14, 7.84, 11.01, 5.83, 11.53, 0, 11.62, 9.03, 8.12, 9, 9.13, 7.76, 10.83, 3.23, 7.8, 6.23, 6.24, 11.23, 9.77, 7.1, 6.79, 10.76, 2.68, 7.81, 8.01, 7.82, 11.97, 1.91, 8.88, 2.78, 6.11, 9.76, 7.74, 5.89, 7.15, 9.38, 11.53, 7.22, 3.25, 4.46, 6.78, 7.62, 2.02, 3.07, 5.89, 5.81, 9.42, 6.48, 3.07, 7.2, 4.05, 12.09, 8.31, 2.74, 9.78, 2.58, 11.62, 0, 8.06, 7.09, 6.91, 8.28, 10.45, 8.52, 9.89, 9.34, 9.93, 2.96, 3.18, 2.91, 2.15, 9.07, 7.99, 9.66, 5.09, 9.31, 11.56, 9.53, 8.11, 2.47, 8.62, 9.66, 4.19, 2.83, 10.69, 2.25, 3.51, 9.19, 4.13, 7.15, 3.67, 11.06, 3.31, 7.08, 9.42, 8.9, 5.11, 2.58, 2.3, 7, 8.64, 5.48, 5.4, 2.46, 9.2, 3.21, 6.66, 9.03, 8.06, 0, 2.76, 8.58, 0.57, 3.49, 2.79, 9.43, 7.38, 8.06, 2.2, 4.67, 2.71, 0.98, 7.14, 6.38, 9.11, 3.24, 7.35, 9.65, 8.6, 7.35, 2.85, 7.25, 7.78, 3.2, 1.38, 8.89, 0.76, 2.6, 7.55, 3.14, 6.99, 3.27, 9.2, 1.48, 5.89, 8.78, 7.01, 3.19, 3.31, 2.8, 5.44, 6.69, 5.52, 5.17, 1.92, 7.73, 2.78, 5.23, 8.12, 7.09, 2.76, 0, 6.63, 3.16, 3.61, 3.81, 10.13, 1.91, 3.01, 5.64, 11.04, 8.02, 7.06, 1.31, 5.05, 9.57, 4.15, 2.22, 3.19, 9.28, 7.81, 8.44, 5.3, 2.7, 6.84, 6.81, 3.4, 6.99, 6.98, 5.32, 4.69, 9.39, 7.31, 3.15, 6.46, 5.66, 9.05, 1.93, 3.48, 7.86, 7.93, 3.93, 0.61, 9, 9.12, 7.81, 4.98, 7.74, 4.58, 9, 6.91, 8.58, 6.63, 0, 8.86, 9.83, 10.27, 10.04, 9.61, 10.22, 3.25, 2.95, 2.98, 2.55, 9.36, 8.2, 9.83, 5.35, 9.59, 11.84, 9.63, 8.31, 1.8, 8.87, 9.94, 4.34, 3.18, 10.97, 2.65, 3.66, 9.4, 4.4, 7.27, 3.87, 11.35, 2.6, 7.32, 9.6, 9.18, 5.4, 2.68, 2.57, 7.27, 8.92, 5.59, 5.43, 1.98, 9.46, 3.3, 6.92, 9.13, 8.28, 0.57, 3.16, 8.86, 0, 3.3, 2.51, 12.36, 10.44, 11.5, 4.7, 2.48, 2.93, 3.43, 10.41, 7.87, 12.13, 5.82, 10.36, 10.74, 8.25, 10.55, 2.27, 10.82, 11.22, 3.72, 3.16, 12.42, 3.42, 3.2, 9.05, 5.15, 9.61, 6.13, 10.47, 3.46, 9.38, 11.89, 10.43, 6.61, 2.93, 4.1, 9.05, 9.83, 7.93, 3.69, 3.19, 11.33, 3.48, 8.81, 7.76, 10.45, 3.49, 3.61, 9.83, 3.3, 0, 3.44, 9.73, 11.08, 11.43, 4.65, 3.43, 4.67, 3.32, 10.72, 9.96, 9.61, 7.02, 11.08, 10.86, 11.32, 8.35, 2.98, 9.47, 11.16, 6.11, 3.97, 12.05, 3.43, 5.43, 11.17, 6.03, 6.84, 4.11, 10.36, 4.3, 7.82, 9.48, 10.43, 6.79, 4.4, 3.44, 8.14, 10.37, 5.14, 6.97, 3.18, 10.15, 5.02, 7.67, 10.83, 8.52, 2.79, 3.81, 10.27, 2.51, 3.44, 0, 0, 12.01, 10.13, 9.61, 11.91, 13.23, 10.15, 10.89, 12.81, 1.26, 11.76, 12.24, 11.74, 16.07, 3.61, 11.92, 5.42, 10.04, 13.55, 11.04, 9.55, 10.24, 13.03, 13.57, 10.97, 3.17, 6.85, 10.56, 10.99, 5.01, 2.42, 9.88, 9.64, 12.82, 9.01, 6.86, 11.37, 5.01, 13.48, 11.41, 6.1, 13.32, 6.28, 15.66, 3.52, 10.78, 10.29, 11.05, 10.95, 13.48, 10.61, 12.01, 0, 3.61, 7.02, 12.72, 9.32, 8.54, 2.33, 5.33, 11.39, 5.08, 0.59, 3.15, 9.93, 9.5, 9.94, 6.68, 3.41, 7.91, 8.18, 4, 8.45, 8.15, 5.39, 5.81, 11.27, 8.98, 3.47, 7.79, 7.18, 10.82, 3.03, 4.69, 9.18, 9.57, 5.3, 1.62, 10.86, 10.27, 9.28, 6.25, 8.99, 6.02, 9.68, 8.51, 10.18, 8.05, 2.08, 10.49, 11.39, 12.09, 10.13, 3.61, 0, 7.62, 11.69, 10.71, 9.19, 2.26, 7.8, 9.5, 6.62, 2.92, 2.65, 12.43, 7.83, 10.91, 4.72, 0.61, 9.59, 9.13, 1.92, 9.14, 9.65, 7.99, 6.99, 10, 8.65, 2.51, 8.77, 5.77, 8.92, 2.32, 5.35, 10.49, 9.82, 4.15, 3.53, 10.01, 12.15, 10.2, 4.07, 10.45, 4.89, 12.13, 6.79, 10.83, 8.79, 3.2, 11.14, 12.54, 12.47, 9.61, 7.02, 7.62, 0, 6.3, 3.89, 2.17, 6.67, 6.62, 9.2, 2.98, 7.01, 9.38, 9.61, 7.21, 3.4, 6.8, 7.31, 3.94, 2.4, 8.5, 2.09, 3.44, 7.85, 2.54, 7.17, 3.25, 8.86, 2.1, 5.42, 8.8, 6.48, 3.24, 3.53, 3.67, 4.76, 6.24, 5.76, 6.39, 3.68, 7.29, 3.86, 4.59, 9.1, 6.81, 3.23, 2.4, 6.15, 3.54, 5.13, 5.08, 11.91, 12.72, 11.69, 6.3, 0, 3.59, 4.82, 12.66, 9.89, 11.74, 7.69, 12.63, 13.08, 9.96, 12.27, 2.91, 12.83, 13.51, 5.38, 4.68, 12.5, 4.82, 4.83, 11.16, 6.93, 10.99, 7.43, 12.75, 5.04, 11.18, 11.56, 12.65, 8.47, 3.61, 5.2, 10.97, 12.04, 9.13, 4.94, 3.63, 13.43, 4.01, 10.66, 9.45, 12.25, 3.46, 5.1, 12.04, 3.22, 2.7, 3.74, 13.23, 9.32, 10.71, 3.89, 3.59, 0, 3.09, 9.41, 6.33, 12.88, 4.25, 9.2, 12.21, 7.26, 10.97, 2.56, 10.67, 10.41, 2.49, 3.05, 11.82, 2.99, 2.47, 7.63, 3.73, 10.47, 6.43, 11.96, 3.26, 9.31, 12.53, 9.56, 5.51, 0.82, 4.54, 8.57, 8.7, 8.77, 2.8, 2.72, 11.11, 0.86, 8.47, 6.72, 10.66, 3.17, 2.95, 8.75, 3.25, 3.11, 5.09, 10.15, 8.54, 9.19, 2.17, 4.82, 3.09, 0, 8.24, 7.47, 9.82, 4.07, 8.51, 10.95, 9.78, 7.96, 2.74, 8.06, 8.89, 3.86, 2.1, 10.05, 0.31, 3.17, 8.76, 2.96, 7.39, 3.34, 10.43, 2.5, 6.5, 9.49, 8.06, 3.92, 3.68, 2.33, 6.16, 7.77, 5.73, 5.85, 2.65, 8.63, 3.23, 5.87, 9.25, 7.74, 2.28, 1.07, 7.7, 2.71, 3.74, 3.62, 10.89, 2.33, 2.26, 6.67, 12.66, 9.41, 8.24, 0, 6.16, 10.27, 5.21, 1.98, 2.81, 10.79, 8.41, 9.81, 5.53, 1.97, 8.15, 8.02, 3.04, 8.16, 8.29, 6.38, 5.74, 10.28, 8.27, 3.75, 7.64, 6.13, 9.69, 2.08, 4.32, 9.22, 9.1, 4.28, 1.85, 9.99, 10.65, 9.11, 5.08, 9.12, 5.02, 10.49, 7.4, 9.9, 7.79, 1.42, 10.21, 11.36, 11.69, 12.81, 5.33, 7.8, 6.62, 9.89, 6.33, 7.47, 6.16, 0, 12.36, 3.68, 5.06, 8.42, 4.63, 12.52, 7.81, 10.55, 7.58, 4.53, 6.57, 9.2, 7.34, 5.16, 2.63, 4.78, 13.36, 9.77, 8.79, 6.25, 10.18, 11.91, 6.95, 5.55, 6.43, 9.09, 8.49, 5.24, 12.23, 5.91, 7.41, 10.48, 5.9, 8.92, 4.35, 11.74, 8.71, 6.95, 5.5, 8.94, 8.59, 10.87, 1.26, 11.39, 9.5, 9.2, 11.74, 12.88, 9.82, 10.27, 12.36, 0, 11.26, 11.63, 11.11, 15.67, 2.87, 11.63, 4.79, 9.41, 13.13, 10.68, 8.92, 9.91, 12.63, 13.1, 10.51, 3.14, 6.56, 9.93, 10.61, 4.44, 1.17, 9.26, 9.12, 12.48, 8.76, 6.27, 10.76, 4.91, 13.16, 11.09, 5.47, 12.95, 5.71, 15.26, 2.93, 10.54, 9.93, 10.44, 10.72, 13.23, 10.48, 11.76, 5.08, 6.62, 2.98, 7.69, 4.25, 4.07, 5.21, 3.68, 11.26, 0, 4.96, 8, 7.26, 9.18, 5.02, 7.76, 6.33, 2.97, 3.38, 7.84, 3.94, 3.09, 4.88, 2.29, 9.75, 6.1, 7.85, 3, 6.96, 10.78, 5.49, 3.02, 4.11, 5.56, 5.55, 4.46, 8.56, 5.57, 4.43, 7.93, 3.93, 5.79, 6.8, 8.52, 5.56, 3.53, 4.53, 5.83, 6.34, 7.66, 12.24, 0.59, 2.92, 7.01, 12.63, 9.2, 8.51, 1.98, 5.06, 11.63, 4.96, 0, 3.38, 9.66, 9.72, 9.88, 6.93, 2.78, 7.76, 8.12, 4.3, 8.42, 8.02, 5.1, 5.75, 11.45, 9.07, 3.75, 7.73, 7.39, 11.05, 3.4, 4.71, 9.08, 9.59, 5.5, 1.85, 10.99, 10.08, 9.22, 6.52, 8.87, 6.21, 9.41, 8.73, 10.15, 8.02, 2.42, 10.46, 11.3, 12.09, 11.74, 3.15, 2.65, 9.38, 13.08, 12.21, 10.95, 2.81, 8.42, 11.11, 8, 3.38, 0, 12.97, 9.57, 12.59, 6.4, 3.01, 10.93, 10.79, 3.05, 10.89, 11.09, 8.3, 8.54, 11.85, 10.57, 2.38, 10.42, 7.63, 10.53, 2.93, 7.05, 12.03, 11.68, 6.07, 3.56, 11.93, 13.37, 11.89, 5.65, 11.92, 6.81, 12.75, 8.53, 12.61, 10.52, 3.47, 12.92, 11.98, 12.11, 16.07, 9.93, 12.43, 9.61, 9.96, 7.26, 9.78, 10.79, 4.63, 15.67, 7.26, 9.66, 12.97, 0, 13.91, 9.12, 12.59, 12.2, 5.93, 8.73, 11.7, 9.65, 6.65, 4.75, 8.03, 14.2, 12.83, 13.4, 8.58, 12.03, 15.27, 11.56, 9.44, 7.59, 11.45, 12.71, 9.86, 12.98, 5.02, 9.09, 12.61, 6.91, 13.03, 1.09, 13.35, 10.39, 9.38, 10.13, 10.51, 8.99, 12.35, 3.61, 9.5, 7.83, 7.21, 12.27, 10.97, 7.96, 8.41, 12.52, 2.87, 9.18, 9.72, 9.57, 13.91, 0, 9.85, 3.18, 7.69, 11.12, 8.76, 7.46, 8.03, 10.65, 13.41, 8.45, 3.67, 4.84, 8.43, 8.66, 3.29, 2.21, 7.44, 7.03, 10.58, 7.08, 4.27, 8.83, 3.86, 13.59, 9.26, 4, 11.02, 3.66, 13.5, 2.08, 8.85, 8.02, 8.51, 9.06, 11.51, 9.11, 11.92, 9.94, 10.91, 3.4, 2.91, 2.56, 2.74, 9.81, 7.81, 11.63, 5.02, 9.88, 12.59, 9.12, 9.85, 0, 10.06, 10.61, 3.44, 2.46, 11.87, 2.71, 3.73, 9.12, 4.13, 9.01, 5.08, 12.17, 2.98, 8.49, 11.34, 9.76, 5.57, 2.13, 2.95, 8.12, 9.23, 7.22, 4.55, 1.45, 10.61, 3.06, 7.86, 8.58, 9.69, 2.69, 3.03, 9.21, 1.92, 2.41, 3.25, 5.42, 6.68, 4.72, 6.8, 12.83, 10.67, 8.06, 5.53, 10.55, 4.79, 7.76, 6.93, 6.4, 12.59, 3.18, 10.06, 0, 4.62, 10.3, 8.54, 4.28, 8.08, 10.01, 11.23, 7.38, 5.63, 5.87, 5.25, 8.32, 2.53, 4.21, 4.5, 5.6, 10.32, 7.83, 3.05, 6.12, 6.19, 12.94, 9.36, 1.77, 10.59, 3.04, 12.24, 2.96, 9.4, 7.91, 5.78, 9.68, 11.81, 10.33, 10.04, 3.41, 0.61, 7.31, 13.51, 10.41, 8.89, 1.97, 7.58, 9.41, 6.33, 2.78, 3.01, 12.2, 7.69, 10.61, 4.62, 0, 9.3, 8.82, 2.23, 8.84, 9.35, 7.81, 6.69, 9.82, 8.38, 2.15, 8.47, 5.59, 8.83, 1.71, 5.04, 10.19, 9.53, 3.92, 3.23, 9.79, 11.86, 9.89, 4.02, 10.15, 4.67, 11.9, 6.66, 10.53, 8.49, 2.87, 10.84, 12.23, 12.17, 13.55, 7.91, 9.59, 3.94, 5.38, 2.49, 3.86, 8.15, 4.53, 13.13, 2.97, 7.76, 10.93, 5.93, 11.12, 3.44, 10.3, 9.3, 0, 2.81, 10.81, 3.73, 1.49, 5.82, 2.93, 11.05, 7.02, 10.82, 3.7, 9.18, 12.72, 8.46, 4.77, 2.68, 5.53, 8.1, 7.37, 9.5, 3.67, 3.24, 10.6, 1.9, 8.16, 5.39, 10.65, 4.57, 3.49, 7.46, 4.73, 4.06, 6.66, 11.04, 8.18, 9.13, 2.4, 4.68, 3.05, 2.1, 8.02, 6.57, 10.68, 3.38, 8.12, 10.79, 8.73, 8.76, 2.46, 8.54, 8.82, 2.81, 0, 10.1, 1.83, 2.93, 7.88, 3.28, 8.37, 4.31, 10.38, 0.77, 7.11, 10.32, 7.97, 3.78, 2.52, 2.73, 6.51, 7.46, 6.74, 4.9, 2.2, 9.04, 3.13, 6.33, 8.2, 8.45, 3.01, 1.5, 7.42, 3.38, 3.44, 4.33, 9.55, 4, 1.92, 8.5, 12.5, 11.82, 10.05, 3.04, 9.2, 8.92, 7.84, 4.3, 3.05, 11.7, 7.46, 11.87, 4.28, 2.23, 10.81, 10.1, 0, 10.01, 10.81, 9.38, 8.1, 9.85, 9.07, 2.05, 9.76, 5.7, 8.35, 3.26, 6.35, 11.57, 10.49, 4.41, 3.96, 10.12, 13.4, 11.15, 3.48, 11.59, 5.09, 13.52, 6.43, 11.66, 9.7, 3.7, 11.97, 13.54, 13.15, 10.24, 8.45, 9.14, 2.09, 4.82, 2.99, 0.31, 8.16, 7.34, 9.91, 3.94, 8.42, 10.89, 9.65, 8.03, 2.71, 8.08, 8.84, 3.73, 1.83, 10.01, 0, 3.04, 8.63, 2.84, 7.5, 3.45, 10.38, 2.23, 6.54, 9.57, 8, 3.85, 3.55, 2.52, 6.16, 7.69, 5.84, 5.74, 2.56, 8.64, 3.12, 5.89, 9.11, 7.79, 2.39, 0.83, 7.62, 2.81, 3.73, 3.74, 13.03, 8.15, 9.65, 3.44, 4.83, 2.47, 3.17, 8.29, 5.16, 12.63, 3.09, 8.02, 11.09, 6.65, 10.65, 3.73, 10.01, 9.35, 1.49, 2.93, 10.81, 3.04, 0, 6.47, 2.76, 10.45, 6.4, 10.9, 2.84, 8.79, 12.24, 8.51, 4.61, 2.54, 4.82, 7.85, 7.55, 8.86, 2.96, 3.43, 10.37, 1.71, 7.84, 6.11, 10.23, 3.83, 2.84, 7.61, 3.99, 3.49, 5.92, 13.57, 5.39, 7.99, 7.85, 11.16, 7.63, 8.76, 6.38, 2.63, 13.1, 4.88, 5.1, 8.3, 4.75, 13.41, 9.12, 11.23, 7.81, 5.82, 7.88, 9.38, 8.63, 6.47, 0, 6.01, 12.2, 10.94, 8.84, 7.55, 11.04, 12.64, 7.29, 6.57, 7.74, 10.36, 9.26, 5.5, 13.37, 7, 8.73, 11.06, 7.2, 9.77, 4.61, 12.58, 10.03, 8.24, 5.8, 10.25, 9.87, 12.18, 10.97, 5.81, 6.99, 2.54, 6.93, 3.73, 2.96, 5.74, 4.78, 10.51, 2.29, 5.75, 8.54, 8.03, 8.45, 4.13, 7.38, 6.69, 2.93, 3.28, 8.1, 2.84, 2.76, 6.01, 0, 8.8, 5.02, 8.24, 2.75, 6.36, 10.06, 5.83, 2.55, 3.5, 4.42, 5.18, 5.12, 7.51, 5.59, 3.48, 7.67, 3.5, 5.27, 7.54, 7.87, 4.51, 3.34, 5.11, 4.79, 5.62, 6.58, 3.17, 11.27, 10, 7.17, 10.99, 10.47, 7.39, 10.28, 13.36, 3.14, 9.75, 11.45, 11.85, 14.2, 3.67, 9.01, 5.63, 9.82, 11.05, 8.37, 9.85, 7.5, 10.45, 12.2, 8.8, 0, 4.06, 10.77, 8.39, 4.23, 3.17, 9.41, 7.84, 10.06, 6.06, 6, 10.52, 2