Instance
HEVTSP 3 20 2 TW 5

Customers
20

Service Time (same as Distance for all Modes: combustion, combustion+charging, electric, combustion+electric) (Depot, 1, ..., N, Depot)
0, 4, 4, 5, 5, 5, 1, 2, 6, 1, 5, 3, 3, 6, 2, 4, 1, 5, 5, 6, 1, 0

Initial Charging
0

Max Charging (in Watt/h)
16800

Charging Rate (in Watt/h)
12000

Discharging Rate (in Watt/h)
48000

Coordinates (Used for GUI, not necessarily related to Distances, Time, Costs)
0, 0, 41480, 43260, 40340, 41550, 42280, 43270, 42800, 44880, 41860, 40800, 44580, 43130, 41980, 43760, 42110, 41970, 41690, 42280, 42740, 43190, 40860, 43330, 43830, 44090, 41280, 41580, 45000, 40740, 41930, 41550, 44550, 43380, 44610, 42480, 40370, 43800, 43850, 43510, 44790, 43560

Distances (Depot-Depot, Depot-1, Depot-..., Depot-N, 1-Depot, 1-1, ..., M-N)
0, 59933, 57911, 60497, 62017, 58454, 62029, 60640, 59454, 59377, 60763, 59557, 62169, 58591, 60702, 59030, 62181, 61600, 59567, 61773, 62479, 59933, 0, 2055, 800, 2090, 2489, 3103, 707, 1436, 1002, 1262, 624, 2492, 1692, 4329, 1768, 3072, 3226, 1234, 2383, 3324, 57911, 2055, 0, 2593, 4140, 1695, 4525, 2752, 1819, 1535, 2907, 1854, 4316, 940, 4730, 1590, 4591, 4370, 2250, 4020, 4883, 60497, 800, 2593, 0, 1692, 2505, 2304, 575, 1311, 1152, 467, 1421, 1754, 1964, 3715, 1755, 2273, 2460, 1982, 1588, 2527, 62017, 2090, 4140, 1692, 0, 4187, 2496, 1388, 2991, 2827, 1691, 2483, 1298, 3633, 4688, 3442, 2305, 3006, 2659, 1726, 2388, 58454, 2489, 1695, 2505, 4187, 0, 3582, 2962, 1196, 1490, 2547, 2720, 3835, 972, 3141, 753, 3727, 3223, 3350, 3362, 4025, 62029, 3103, 4525, 2304, 2496, 3582, 0, 2675, 2729, 3012, 1841, 3725, 1218, 3646, 2427, 3085, 252, 651, 4263, 823, 479, 60640, 707, 2752, 575, 1388, 2962, 2675, 0, 1795, 1508, 950, 1200, 1879, 2290, 4271, 2211, 2598, 2925, 1610, 1887, 2817, 59454, 1436, 1819, 1311, 2991, 1196, 2729, 1795, 0, 522, 1373, 1847, 2730, 917, 3141, 457, 2818, 2551, 2525, 2324, 3116, 59377, 1002, 1535, 1152, 2827, 1490, 3012, 1508, 522, 0, 1389, 1338, 2803, 811, 3651, 768, 3064, 2927, 2013, 2486, 3354, 60763, 1262, 2907, 467, 1691, 2547, 1841, 950, 1373, 1389, 0, 1885, 1414, 2173, 3333, 1829, 1820, 2000, 2447, 1155, 2083, 59557, 624, 1854, 1421, 2483, 2720, 3725, 1200, 1847, 1338, 1885, 0, 3066, 1800, 4883, 2077, 3690, 3845, 679, 2995, 3937, 62169, 2492, 4316, 1754, 1298, 3835, 1218, 1879, 2730, 2803, 1414, 3066, 0, 3578, 3548, 3172, 1011, 1789, 3472, 580, 1097, 58591, 1692, 940, 1964, 3633, 972, 3646, 2290, 917, 811, 2173, 1800, 3578, 0, 3814, 651, 3733, 3449, 2399, 3214, 4030, 60702, 4329, 4730, 3715, 4688, 3141, 2427, 4271, 3141, 3651, 3333, 4883, 3548, 3814, 0, 3175, 2678, 1783, 5550, 2999, 2828, 59030, 1768, 1590, 1755, 3442, 753, 3085, 2211, 457, 768, 1829, 2077, 3172, 651, 3175, 0, 3196, 2837, 2738, 2744, 3496, 62181, 3072, 4591, 2273, 2305, 3727, 252, 2598, 2818, 3064, 1820, 3690, 1011, 3733, 2678, 3196, 0, 902, 4201, 712, 300, 61600, 3226, 4370, 2460, 3006, 3223, 651, 2925, 2551, 2927, 2000, 3845, 1789, 3449, 1783, 2837, 902, 0, 4441, 1280, 1095, 59567, 1234, 2250, 1982, 2659, 3350, 4263, 1610, 2525, 2013, 2447, 679, 3472, 2399, 5550, 2738, 4201, 4441, 0, 3492, 4427, 61773, 2383, 4020, 1588, 1726, 3362, 823, 1887, 2324, 2486, 1155, 2995, 580, 3214, 2999, 2744, 712, 1280, 3492, 0, 941, 62479, 3324, 4883, 2527, 2388, 4025, 479, 2817, 3116, 3354, 2083, 3937, 1097, 4030, 2828, 3496, 300, 1095, 4427, 941, 0

Time (same as Distance for all Modes: combustion, combustion+charging, electric, combustion+electric)
0, 66.59, 64.35, 67.22, 68.91, 64.95, 68.92, 67.38, 66.06, 65.97, 67.51, 66.17, 69.08, 65.1, 67.45, 65.59, 69.09, 68.44, 66.19, 68.64, 69.42, 66.59, 0, 4.57, 2.53, 4.64, 5.53, 6.9, 2.23, 3.19, 2.23, 2.8, 1.97, 5.54, 3.76, 9.62, 3.93, 6.83, 7.17, 2.74, 5.3, 7.39, 64.35, 4.57, 0, 5.76, 9.2, 3.77, 10.06, 6.12, 4.04, 3.41, 6.46, 4.12, 9.59, 2.97, 10.51, 3.53, 10.2, 9.71, 5, 8.93, 10.85, 67.22, 2.53, 5.76, 0, 3.76, 5.57, 5.12, 1.82, 2.91, 2.56, 2, 3.16, 3.9, 4.36, 8.26, 3.9, 5.05, 5.47, 4.4, 3.53, 5.62, 68.91, 4.64, 9.2, 3.76, 0, 9.3, 5.55, 3.08, 6.65, 6.28, 3.76, 5.52, 2.88, 8.07, 10.42, 7.65, 5.12, 6.68, 5.91, 3.84, 5.31, 64.95, 5.53, 3.77, 5.57, 9.3, 0, 7.96, 6.58, 2.66, 3.31, 5.66, 6.04, 8.52, 3.07, 6.98, 2.38, 8.28, 7.16, 7.44, 7.47, 8.94, 68.92, 6.9, 10.06, 5.12, 5.55, 7.96, 0, 5.94, 6.06, 6.69, 4.09, 8.28, 2.71, 8.1, 5.39, 6.86, 1.08, 2.06, 9.47, 2.6, 2.05, 67.38, 2.23, 6.12, 1.82, 3.08, 6.58, 5.94, 0, 3.99, 3.35, 3, 2.67, 4.18, 5.09, 9.49, 4.91, 5.77, 6.5, 3.58, 4.19, 6.26, 66.06, 3.19, 4.04, 2.91, 6.65, 2.66, 6.06, 3.99, 0, 1.65, 3.05, 4.1, 6.07, 2.9, 6.98, 1.96, 6.26, 5.67, 5.61, 5.16, 6.92, 65.97, 2.23, 3.41, 2.56, 6.28, 3.31, 6.69, 3.35, 1.65, 0, 3.09, 2.97, 6.23, 2.56, 8.11, 2.43, 6.81, 6.5, 4.47, 5.52, 7.45, 67.51, 2.8, 6.46, 2, 3.76, 5.66, 4.09, 3, 3.05, 3.09, 0, 4.19, 3.14, 4.83, 7.41, 4.06, 4.04, 4.44, 5.44, 2.57, 4.63, 66.17, 1.97, 4.12, 3.16, 5.52, 6.04, 8.28, 2.67, 4.1, 2.97, 4.19, 0, 6.81, 4, 10.85, 4.62, 8.2, 8.54, 2.14, 6.66, 8.75, 69.08, 5.54, 9.59, 3.9, 2.88, 8.52, 2.71, 4.18, 6.07, 6.23, 3.14, 6.81, 0, 7.95, 7.88, 7.05, 2.25, 3.98, 7.72, 1.83, 2.44, 65.1, 3.76, 2.97, 4.36, 8.07, 3.07, 8.1, 5.09, 2.9, 2.56, 4.83, 4, 7.95, 0, 8.48, 2.06, 8.3, 7.66, 5.33, 7.14, 8.96, 67.45, 9.62, 10.51, 8.26, 10.42, 6.98, 5.39, 9.49, 6.98, 8.11, 7.41, 10.85, 7.88, 8.48, 0, 7.06, 5.95, 3.96, 6.8, 6.66, 6.28, 65.59, 3.93, 3.53, 3.9, 7.65, 2.38, 6.86, 4.91, 1.96, 2.43, 4.06, 4.62, 7.05, 2.06, 7.06, 0, 7.1, 6.3, 6.08, 6.1, 7.77, 69.09, 6.83, 10.2, 5.05, 5.12, 8.28, 1.08, 5.77, 6.26, 6.81, 4.04, 8.2, 2.25, 8.3, 5.95, 7.1, 0, 2.85, 9.34, 2.25, 1.29, 68.44, 7.17, 9.71, 5.47, 6.68, 7.16, 2.06, 6.5, 5.67, 6.5, 4.44, 8.54, 3.98, 7.66, 3.96, 6.3, 2.85, 0, 9.87, 2.84, 2.43, 66.19, 2.74, 5, 4.4, 5.91, 7.44, 9.47, 3.58, 5.61, 4.47, 5.44, 2.14, 7.72, 5.33, 6.8, 6.08, 9.34, 9.87, 0, 7.76, 9.84, 68.64, 5.3, 8.93, 3.53, 3.84, 7.47, 2.6, 4.19, 5.16, 5.52, 2.57, 6.66, 1.83, 7.14, 6.66, 6.1, 2.25, 2.84, 7.76, 0, 2.97, 69.42, 7.39, 10.85, 5.62, 5.31, 8.94, 2.05, 6.26, 6.92, 7.45, 4.63, 8.75, 2.44, 8.96, 6.28, 7.77, 1.29, 2.43, 9.84, 2.97, 0, 0, 70.51, 68.13, 71.17, 72.96, 68.77, 72.98, 71.34, 69.95, 69.86, 71.49, 70.07, 73.14, 68.93, 71.41, 69.45, 73.15, 72.47, 70.08, 72.67, 73.5, 70.51, 0, 4.93, 2.67, 5.02, 5.97, 7.45, 2.36, 3.45, 2.4, 3.03, 2.08, 5.98, 4.06, 10.39, 4.24, 7.37, 7.74, 2.96, 5.72, 7.98, 68.13, 4.93, 0, 6.22, 9.94, 4.07, 10.86, 6.6, 4.37, 3.68, 6.98, 4.45, 10.36, 3.13, 11.35, 3.82, 11.02, 10.49, 5.4, 9.65, 11.72, 71.17, 2.67, 6.22, 0, 4.06, 6.01, 5.53, 1.92, 3.15, 2.76, 2.16, 3.41, 4.21, 4.71, 8.92, 4.21, 5.46, 5.9, 4.76, 3.81, 6.06, 72.96, 5.02, 9.94, 4.06, 0, 10.05, 5.99, 3.33, 7.18, 6.78, 4.06, 5.96, 3.12, 8.72, 11.25, 8.26, 5.53, 7.21, 6.38, 4.14, 5.73, 68.77, 5.97, 4.07, 6.01, 10.05, 0, 8.6, 7.11, 2.87, 3.58, 6.11, 6.53, 9.2, 3.24, 7.54, 2.51, 8.94, 7.74, 8.04, 8.07, 9.66, 72.98, 7.45, 10.86, 5.53, 5.99, 8.6, 0, 6.42, 6.55, 7.23, 4.42, 8.94, 2.92, 8.75, 5.82, 7.4, 1.16, 2.17, 10.23, 2.74, 2.21, 71.34, 2.36, 6.6, 1.92, 3.33, 7.11, 6.42, 0, 4.31, 3.62, 3.17, 2.88, 4.51, 5.5, 10.25, 5.31, 6.24, 7.02, 3.86, 4.53, 6.76, 69.95, 3.45, 4.37, 3.15, 7.18, 2.87, 6.55, 4.31, 0, 1.74, 3.3, 4.43, 6.55, 3.06, 7.54, 2.11, 6.76, 6.12, 6.06, 5.58, 7.48, 69.86, 2.4, 3.68, 2.76, 6.78, 3.58, 7.23, 3.62, 1.74, 0, 3.33, 3.21, 6.73, 2.7, 8.76, 2.56, 7.35, 7.02, 4.83, 5.97, 8.05, 71.49, 3.03, 6.98, 2.16, 4.06, 6.11, 4.42, 3.17, 3.3, 3.33, 0, 4.52, 3.39, 5.22, 8, 4.39, 4.37, 4.8, 5.87, 2.77, 5, 70.07, 2.08, 4.45, 3.41, 5.96, 6.53, 8.94, 2.88, 4.43, 3.21, 4.52, 0, 7.36, 4.32, 11.72, 4.98, 8.86, 9.23, 2.26, 7.19, 9.45, 73.14, 5.98, 10.36, 4.21, 3.12, 9.2, 2.92, 4.51, 6.55, 6.73, 3.39, 7.36, 0, 8.59, 8.52, 7.61, 2.43, 4.29, 8.33, 1.93, 2.63, 68.93, 4.06, 3.13, 4.71, 8.72, 3.24, 8.75, 5.5, 3.06, 2.7, 5.22, 4.32, 8.59, 0, 9.15, 2.17, 8.96, 8.28, 5.76, 7.71, 9.67, 71.41, 10.39, 11.35, 8.92, 11.25, 7.54, 5.82, 10.25, 7.54, 8.76, 8, 11.72, 8.52, 9.15, 0, 7.62, 6.43, 4.28, 7.24, 7.2, 6.79, 69.45, 4.24, 3.82, 4.21, 8.26, 2.51, 7.4, 5.31, 2.11, 2.56, 4.39, 4.98, 7.61, 2.17, 7.62, 0, 7.67, 6.81, 6.57, 6.59, 8.39, 73.15, 7.37, 11.02, 5.46, 5.53, 8.94, 1.16, 6.24, 6.76, 7.35, 4.37, 8.86, 2.43, 8.96, 6.43, 7.67, 0, 3.01, 10.08, 2.37, 1.38, 72.47, 7.74, 10.49, 5.9, 7.21, 7.74, 2.17, 7.02, 6.12, 7.02, 4.8, 9.23, 4.29, 8.28, 4.28, 6.81, 3.01, 0, 10.66, 3.07, 2.63, 70.08, 2.96, 5.4, 4.76, 6.38, 8.04, 10.23, 3.86, 6.06, 4.83, 5.87, 2.26, 8.33, 5.76, 7.24, 6.57, 10.08, 10.66, 0, 8.38, 10.62, 72.67, 5.72, 9.65, 3.81, 4.14, 8.07, 2.74, 4.53, 5.58, 5.97, 2.77, 7.19, 1.93, 7.71, 7.2, 6.59, 2.37, 3.07, 8.38, 0, 3.14, 73.5, 7.98, 11.72, 6.06, 5.73, 9.66, 2.21, 6.76, 7.48, 8.05, 5, 9.45, 2.63, 9.67, 6.79, 8.39, 1.38, 2.63, 10.62, 3.14, 0, 0, 74.92, 72.39, 75.62, 77.52, 73.07, 77.54, 75.8, 74.32, 74.22, 75.95, 74.45, 77.71, 73.24, 75.88, 73.79, 77.73, 77, 74.46, 77.22, 78.1, 74.92, 0, 5.36, 2.82, 5.45, 6.49, 8.09, 2.5, 3.75, 2.61, 3.29, 2.2, 6.5, 4.41, 11.29, 4.61, 8.01, 8.42, 3.22, 6.22, 8.67, 72.39, 5.36, 0, 6.76, 10.8, 4.42, 11.8, 7.18, 4.75, 4, 7.58, 4.84, 11.26, 3.32, 12.34, 4.15, 11.98, 11.4, 5.87, 10.49, 12.74, 75.62, 2.82, 6.76, 0, 4.41, 6.53, 6.01, 2.03, 3.42, 3.01, 2.34, 3.71, 4.58, 5.12, 9.69, 4.58, 5.93, 6.42, 5.17, 4.14, 6.59, 77.52, 5.45, 10.8, 4.41, 0, 10.92, 6.51, 3.62, 7.8, 7.37, 4.41, 6.48, 3.39, 9.48, 12.23, 8.98, 6.01, 7.84, 6.94, 4.5, 6.23, 73.07, 6.49, 4.42, 6.53, 10.92, 0, 9.34, 7.73, 3.12, 3.89, 6.64, 7.1, 10, 3.43, 8.19, 2.66, 9.72, 8.41, 8.74, 8.77, 10.5, 77.54, 8.09, 11.8, 6.01, 6.51, 9.34, 0, 6.98, 7.12, 7.86, 4.8, 9.72, 3.18, 9.51, 6.33, 8.05, 1.26, 2.3, 11.12, 2.9, 2.4, 75.8, 2.5, 7.18, 2.03, 3.62, 7.73, 6.98, 0, 4.68, 3.93, 3.35, 3.13, 4.9, 5.97, 11.14, 5.77, 6.78, 7.63, 4.2, 4.92, 7.35, 74.32, 3.75, 4.75, 3.42, 7.8, 3.12, 7.12, 4.68, 0, 1.84, 3.58, 4.82, 7.12, 3.24, 8.19, 2.29, 7.35, 6.65, 6.59, 6.06, 8.13, 74.22, 2.61, 4, 3.01, 7.37, 3.89, 7.86, 3.93, 1.84, 0, 3.62, 3.49, 7.31, 2.86, 9.52, 2.71, 7.99, 7.64, 5.25, 6.49, 8.75, 75.95, 3.29, 7.58, 2.34, 4.41, 6.64, 4.8, 3.35, 3.58, 3.62, 0, 4.92, 3.69, 5.67, 8.69, 4.77, 4.75, 5.22, 6.38, 3.01, 5.43, 74.45, 2.2, 4.84, 3.71, 6.48, 7.1, 9.72, 3.13, 4.82, 3.49, 4.92, 0, 8, 4.7, 12.74, 5.42, 9.63, 10.03, 2.4, 7.81, 10.27, 77.71, 6.5, 11.26, 4.58, 3.39, 10, 3.18, 4.9, 7.12, 7.31, 3.69, 8, 0, 9.33, 9.26, 8.27, 2.64, 4.67, 9.06, 2.05, 2.86, 73.24, 4.41, 3.32, 5.12, 9.48, 3.43, 9.51, 5.97, 3.24, 2.86, 5.67, 4.7, 9.33, 0, 9.95, 2.3, 9.74, 9, 6.26, 8.38, 10.51, 75.88, 11.29, 12.34, 9.69, 12.23, 8.19, 6.33, 11.14, 8.19, 9.52, 8.69, 12.74, 9.26, 9.95, 0, 8.28, 6.99, 4.65, 7.74, 7.82, 7.38, 73.79, 4.61, 4.15, 4.58, 8.98, 2.66, 8.05, 5.77, 2.29, 2.71, 4.77, 5.42, 8.27, 2.3, 8.28, 0, 8.34, 7.4, 7.14, 7.16, 9.12, 77.73, 8.01, 11.98, 5.93, 6.01, 9.72, 1.26, 6.78, 7.35, 7.99, 4.75, 9.63, 2.64, 9.74, 6.99, 8.34, 0, 3.18, 10.96, 2.51, 1.5, 77, 8.42, 11.4, 6.42, 7.84, 8.41, 2.3, 7.63, 6.65, 7.64, 5.22, 10.03, 4.67, 9, 4.65, 7.4, 3.18, 0, 11.59, 3.34, 2.86, 74.46, 3.22, 5.87, 5.17, 6.94, 8.74, 11.12, 4.2, 6.59, 5.25, 6.38, 2.4, 9.06, 6.26, 7.74, 7.14, 10.96, 11.59, 0, 9.11, 11.55, 77.22, 6.22, 10.49, 4.14, 4.5, 8.77, 2.9, 4.92, 6.06, 6.49, 3.01, 7.81, 2.05, 8.38, 7.82, 7.16, 2.51, 3.34, 9.11, 0, 3.32, 78.1, 8.67, 12.74, 6.59, 6.23, 10.5, 2.4, 7.35, 8.13, 8.75, 5.43, 10.27, 2.86, 10.51, 7.38, 9.12, 1.5, 2.86, 11.55, 3.32, 0, 0, 63.09, 60.96, 63.68, 65.28, 61.53, 65.29, 63.83, 62.58, 62.5, 63.96, 62.69, 65.44, 61.67, 63.9, 62.14, 65.45, 64.84, 62.7, 65.02, 65.77, 63.09, 0, 4.25, 2.4, 4.32, 5.15, 6.42, 2.12, 2.97, 2.07, 2.61, 1.87, 5.16, 3.5, 8.96, 3.66, 6.36, 6.67, 2.55, 4.93, 6.88, 60.96, 4.25, 0, 5.36, 8.57, 3.51, 9.36, 5.69, 3.76, 3.18, 6.01, 3.84, 8.93, 2.82, 9.79, 3.29, 9.5, 9.04, 4.66, 8.32, 10.1, 63.68, 2.4, 5.36, 0, 3.5, 5.18, 4.77, 1.73, 2.71, 2.38, 1.87, 2.94, 3.63, 4.06, 7.69, 3.63, 4.7, 5.09, 4.1, 3.29, 5.23, 65.28, 4.32, 8.57, 3.5, 0, 8.66, 5.16, 2.87, 6.19, 5.85, 3.5, 5.14, 2.69, 7.52, 9.7, 7.12, 4.77, 6.22, 5.5, 3.57, 4.94, 61.53, 5.15, 3.51, 5.18, 8.66, 0, 7.41, 6.13, 2.47, 3.08, 5.27, 5.63, 7.93, 2.92, 6.5, 2.26, 7.71, 6.67, 6.93, 6.96, 8.33, 65.29, 6.42, 9.36, 4.77, 5.16, 7.41, 0, 5.53, 5.65, 6.23, 3.81, 7.71, 2.52, 7.54, 5.02, 6.38, 1.01, 1.95, 8.82, 2.47, 1.92, 63.83, 2.12, 5.69, 1.73, 2.87, 6.13, 5.53, 0, 3.71, 3.12, 2.85, 2.48, 3.89, 4.74, 8.84, 4.57, 5.38, 6.05, 3.33, 3.9, 5.83, 62.58, 2.97, 3.76, 2.71, 6.19, 2.47, 5.65, 3.71, 0, 1.57, 2.84, 3.82, 5.65, 2.75, 6.5, 1.83, 5.83, 5.28, 5.22, 4.81, 6.45, 62.5, 2.07, 3.18, 2.38, 5.85, 3.08, 6.23, 3.12, 1.57, 0, 2.87, 2.77, 5.8, 2.43, 7.55, 2.3, 6.34, 6.06, 4.16, 5.14, 6.94, 63.96, 2.61, 6.01, 1.87, 3.5, 5.27, 3.81, 2.85, 2.84, 2.87, 0, 3.9, 2.93, 4.5, 6.9, 3.78, 3.77, 4.14, 5.06, 2.39, 4.31, 62.69, 1.87, 3.84, 2.94, 5.14, 5.63, 7.71, 2.48, 3.82, 2.77, 3.9, 0, 6.34, 3.72, 10.1, 4.3, 7.63, 7.96, 2.04, 6.2, 8.15, 65.44, 5.16, 8.93, 3.63, 2.69, 7.93, 2.52, 3.89, 5.65, 5.8, 2.93, 6.34, 0, 7.4, 7.34, 6.56, 2.09, 3.7, 7.18, 1.74, 2.27, 61.67, 3.5, 2.82, 4.06, 7.52, 2.92, 7.54, 4.74, 2.75, 2.43, 4.5, 3.72, 7.4, 0, 7.89, 1.95, 7.72, 7.14, 4.96, 6.65, 8.34, 63.9, 8.96, 9.79, 7.69, 9.7, 6.5, 5.02, 8.84, 6.5, 7.55, 6.9, 10.1, 7.34, 7.89, 0, 6.57, 5.54, 3.69, 6.4, 6.2, 5.85, 62.14, 3.66, 3.29, 3.63, 7.12, 2.26, 6.38, 4.57, 1.83, 2.3, 3.78, 4.3, 6.56, 1.95, 6.57, 0, 6.61, 5.87, 5.66, 5.68, 7.23, 65.45, 6.36, 9.5, 4.7, 4.77, 7.71, 1.01, 5.38, 5.83, 6.34, 3.77, 7.63, 2.09, 7.72, 5.54, 6.61, 0, 2.71, 8.69, 2.14, 1.2, 64.84, 6.67, 9.04, 5.09, 6.22, 6.67, 1.95, 6.05, 5.28, 6.06, 4.14, 7.96, 3.7, 7.14, 3.69, 5.87, 2.71, 0, 9.19, 2.65, 2.27, 62.7, 2.55, 4.66, 4.1, 5.5, 6.93, 8.82, 3.33, 5.22, 4.16, 5.06, 2.04, 7.18, 4.96, 6.4, 5.66, 8.69, 9.19, 0, 7.22, 9.16, 65.02, 4.93, 8.32, 3.29, 3.57, 6.96, 2.47, 3.9, 4.81, 5.14, 2.39, 6.2, 1.74, 6.65, 6.2, 5.68, 2.14, 2.65, 7.22, 0, 2.82, 65.77, 6.88, 10.1, 5.23, 4.94, 8.33, 1.92, 5.83, 6.45, 6.94, 4.31, 8.15, 2.27, 8.34, 5.85, 7.23, 1.2, 2.27, 9.16, 2.82, 0

Costs (same as Distance for all Modes: combustion, combustion+charging, electric, combustion+electric)
0, 5993.34, 5791.13, 6049.7, 6201.66, 5845.43, 6202.88, 6064.04, 5945.36, 5937.72, 6076.25, 5955.69, 6216.91, 5859.13, 6070.21, 5902.99, 6218.14, 6160.03, 5956.66, 6177.33, 6247.89, 5993.34, 0, 205.52, 80.01, 208.97, 248.92, 310.27, 70.71, 143.56, 100.22, 126.19, 62.39, 249.23, 169.19, 432.91, 176.82, 307.23, 322.57, 123.44, 238.31, 332.36, 5791.13, 205.52, 0, 259.27, 414.01, 169.5, 452.48, 275.2, 181.91, 153.47, 290.68, 185.44, 431.64, 94.05, 472.99, 159, 459.05, 437.01, 225.02, 402.02, 488.29, 6049.7, 80.01, 259.27, 0, 169.19, 250.55, 230.43, 57.45, 131.11, 115.25, 46.69, 142.13, 175.35, 196.37, 371.47, 175.52, 227.27, 246.03, 198.22, 158.82, 252.67, 6201.66, 208.97, 414.01, 169.19, 0, 418.69, 249.62, 138.81, 299.07, 282.7, 169.11, 248.32, 129.81, 363.32, 468.82, 344.18, 230.49, 300.6, 265.92, 172.61, 238.8, 5845.43, 248.92, 169.5, 250.55, 418.69, 0, 358.15, 296.24, 119.64, 148.97, 254.69, 272.05, 383.47, 97.2, 314.06, 75.33, 372.73, 322.26, 334.96, 336.22, 402.52, 6202.88, 310.27, 452.48, 230.43, 249.62, 358.15, 0, 267.52, 272.88, 301.24, 184.1, 372.54, 121.82, 364.59, 242.66, 308.53, 25.18, 65.07, 426.3, 82.3, 47.85, 6064.04, 70.71, 275.2, 57.45, 138.81, 296.24, 267.52, 0, 179.47, 150.81, 95, 119.97, 187.92, 228.96, 427.09, 221.06, 259.79, 292.49, 161.05, 188.66, 281.71, 5945.36, 143.56, 181.91, 131.11, 299.07, 119.64, 272.88, 179.47, 0, 52.2, 137.31, 184.72, 273, 91.71, 314.09, 45.69, 281.81, 255.15, 252.52, 232.36, 311.62, 5937.72, 100.22, 153.47, 115.25, 282.7, 148.97, 301.24, 150.81, 52.2, 0, 138.95, 133.84, 280.28, 81.12, 365.07, 76.84, 306.42, 292.68, 201.32, 248.57, 335.39, 6076.25, 126.19, 290.68, 46.69, 169.11, 254.69, 184.1, 95, 137.31, 138.95, 0, 188.52, 141.35, 217.34, 333.32, 182.91, 181.99, 200.02, 244.72, 115.52, 208.31, 5955.69, 62.39, 185.44, 142.13, 248.32, 272.05, 372.54, 119.97, 184.72, 133.84, 188.52, 0, 306.57, 179.97, 488.34, 207.68, 369.03, 384.51, 67.9, 299.54, 393.67, 6216.91, 249.23, 431.64, 175.35, 129.81, 383.47, 121.82, 187.92, 273, 280.28, 141.35, 306.57, 0, 357.81, 354.84, 317.2, 101.12, 178.9, 347.21, 58.03, 109.66, 5859.13, 169.19, 94.05, 196.37, 363.32, 97.2, 364.59, 228.96, 91.71, 81.12, 217.34, 179.97, 357.81, 0, 381.37, 65.07, 373.27, 344.95, 239.93, 321.4, 403, 6070.21, 432.91, 472.99, 371.47, 468.82, 314.06, 242.66, 427.09, 314.09, 365.07, 333.32, 488.34, 354.84, 381.37, 0, 317.51, 267.81, 178.32, 554.98, 299.92, 282.78, 5902.99, 176.82, 159, 175.52, 344.18, 75.33, 308.53, 221.06, 45.69, 76.84, 182.91, 207.68, 317.2, 65.07, 317.51, 0, 319.58, 283.68, 273.79, 274.37, 349.57, 6218.14, 307.23, 459.05, 227.27, 230.49, 372.73, 25.18, 259.79, 281.81, 306.42, 181.99, 369.03, 101.12, 373.27, 267.81, 319.58, 0, 90.2, 420.1, 71.2, 30, 6160.03, 322.57, 437.01, 246.03, 300.6, 322.26, 65.07, 292.49, 255.15, 292.68, 200.02, 384.51, 178.9, 344.95, 178.32, 283.68, 90.2, 0, 444.07, 128, 109.49, 5956.66, 123.44, 225.02, 198.22, 265.92, 334.96, 426.3, 161.05, 252.52, 201.32, 244.72, 67.9, 347.21, 239.93, 554.98, 273.79, 420.1, 444.07, 0, 349.21, 442.65, 6177.33, 238.31, 402.02, 158.82, 172.61, 336.22, 82.3, 188.66, 232.36, 248.57, 115.52, 299.54, 58.03, 321.4, 299.92, 274.37, 71.2, 128, 349.21, 0, 94.13, 6247.89, 332.36, 488.29, 252.67, 238.8, 402.52, 47.85, 281.71, 311.62, 335.39, 208.31, 393.67, 109.66, 403, 282.78, 349.57, 30, 109.49, 442.65, 94.13, 0, 0, 6592.63, 6370.21, 6654.67, 6821.87, 6429.94, 6823.19, 6670.4, 6539.94, 6531.47, 6683.93, 6551.27, 6838.59, 6445.01, 6677.22, 6493.3, 6839.91, 6776, 6552.37, 6795.03, 6872.69, 6592.63, 0, 226.05, 88, 229.9, 273.79, 341.33, 77.77, 157.96, 110.22, 138.82, 68.64, 274.12, 186.12, 476.19, 194.48, 337.92, 354.86, 135.74, 262.13, 365.64, 6370.21, 226.05, 0, 285.23, 455.4, 186.45, 497.75, 302.72, 200.09, 168.85, 319.77, 203.94, 474.76, 103.4, 520.3, 174.9, 505.01, 480.7, 247.5, 442.2, 537.13, 6654.67, 88, 285.23, 0, 186.12, 275.55, 253.44, 63.25, 144.21, 126.72, 51.37, 156.31, 192.94, 216.04, 408.65, 193.05, 250.03, 270.6, 218.02, 174.68, 277.97, 6821.87, 229.9, 455.4, 186.12, 0, 460.57, 274.56, 152.68, 329.01, 310.97, 186.01, 273.13, 142.78, 399.63, 515.68, 378.62, 253.55, 330.66, 292.49, 189.86, 262.68, 6429.94, 273.79, 186.45, 275.55, 460.57, 0, 394.02, 325.82, 131.56, 163.9, 280.17, 299.2, 421.85, 106.92, 345.51, 82.83, 409.97, 354.53, 368.5, 369.82, 442.75, 6823.19, 341.33, 497.75, 253.44, 274.56, 394.02, 0, 294.25, 300.19, 331.32, 202.51, 409.75, 133.98, 401.06, 266.97, 339.35, 27.72, 71.61, 468.93, 90.53, 52.69, 6670.4, 77.77, 302.72, 63.25, 152.68, 325.82, 294.25, 0, 197.45, 165.88, 104.5, 132, 206.69, 251.9, 469.81, 243.21, 285.78, 321.75, 177.1, 207.57, 309.87, 6539.94, 157.96, 200.09, 144.21, 329.01, 131.56, 300.19, 197.45, 0, 57.42, 151.03, 203.17, 300.3, 100.87, 345.51, 50.27, 309.98, 280.61, 277.75, 255.64, 342.76, 6531.47, 110.22, 168.85, 126.72, 310.97, 163.9, 331.32, 165.88, 57.42, 0, 152.79, 147.18, 308.33, 89.21, 401.61, 84.48, 337.04, 321.97, 221.43, 273.46, 368.94, 6683.93, 138.82, 319.77, 51.37, 186.01, 280.17, 202.51, 104.5, 151.03, 152.79, 0, 207.35, 155.54, 239.03, 366.63, 201.19, 200.2, 220, 269.17, 127.05, 229.13, 6551.27, 68.64, 203.94, 156.31, 273.13, 299.2, 409.75, 132, 203.17, 147.18, 207.35, 0, 337.26, 198, 537.13, 228.47, 405.9, 422.95, 74.69, 329.45, 433.07, 6838.59, 274.12, 474.76, 192.94, 142.78, 421.85, 133.98, 206.69, 300.3, 308.33, 155.54, 337.26, 0, 393.58, 390.28, 348.92, 111.21, 196.79, 381.92, 63.8, 120.67, 6445.01, 186.12, 103.4, 216.04, 399.63, 106.92, 401.06, 251.9, 100.87, 89.21, 239.03, 198, 393.58, 0, 419.54, 71.61, 410.63, 379.39, 263.89, 353.54, 443.3, 6677.22, 476.19, 520.3, 408.65, 515.68, 345.51, 266.97, 469.81, 345.51, 401.61, 366.63, 537.13, 390.28, 419.54, 0, 349.25, 294.58, 196.13, 610.5, 329.89, 311.08, 6493.3, 194.48, 174.9, 193.05, 378.62, 82.83, 339.35, 243.21, 50.27, 84.48, 201.19, 228.47, 348.92, 71.61, 349.25, 0, 351.56, 312.07, 301.18, 301.84, 384.56, 6839.91, 337.92, 505.01, 250.03, 253.55, 409.97, 27.72, 285.78, 309.98, 337.04, 200.2, 405.9, 111.21, 410.63, 294.58, 351.56, 0, 99.22, 462.11, 78.32, 33, 6776, 354.86, 480.7, 270.6, 330.66, 354.53, 71.61, 321.75, 280.61, 321.97, 220, 422.95, 196.79, 379.39, 196.13, 312.07, 99.22, 0, 488.51, 140.8, 120.45, 6552.37, 135.74, 247.5, 218.02, 292.49, 368.5, 468.93, 177.1, 277.75, 221.43, 269.17, 74.69, 381.92, 263.89, 610.5, 301.18, 462.11, 488.51, 0, 384.12, 486.97, 6795.03, 262.13, 442.2, 174.68, 189.86, 369.82, 90.53, 207.57, 255.64, 273.46, 127.05, 329.45, 63.8, 353.54, 329.89, 301.84, 78.32, 140.8, 384.12, 0, 103.51, 6872.69, 365.64, 537.13, 277.97, 262.68, 442.75, 52.69, 309.87, 342.76, 368.94, 229.13, 433.07, 120.67, 443.3, 311.08, 384.56, 33, 120.45, 486.97, 103.51, 0, 0, 1198.66, 1158.22, 1209.94, 1240.34, 1169.08, 1240.58, 1212.8, 1189.08, 1187.54, 1215.26, 1191.14, 1243.38, 1171.82, 1214.04, 1180.6, 1243.62, 1232, 1191.34, 1235.46, 1249.58, 1198.66, 0, 41.1, 16, 41.8, 49.78, 62.06, 14.14, 28.72, 20.04, 25.24, 12.48, 49.84, 33.84, 86.58, 35.36, 61.44, 64.52, 24.68, 47.66, 66.48, 1158.22, 41.1, 0, 51.86, 82.8, 33.9, 90.5, 55.04, 36.38, 30.7, 58.14, 37.08, 86.32, 18.8, 94.6, 31.8, 91.82, 87.4, 45, 80.4, 97.66, 1209.94, 16, 51.86, 0, 33.84, 50.1, 46.08, 11.5, 26.22, 23.04, 9.34, 28.42, 35.08, 39.28, 74.3, 35.1, 45.46, 49.2, 39.64, 31.76, 50.54, 1240.34, 41.8, 82.8, 33.84, 0, 83.74, 49.92, 27.76, 59.82, 56.54, 33.82, 49.66, 25.96, 72.66, 93.76, 68.84, 46.1, 60.12, 53.18, 34.52, 47.76, 1169.08, 49.78, 33.9, 50.1, 83.74, 0, 71.64, 59.24, 23.92, 29.8, 50.94, 54.4, 76.7, 19.44, 62.82, 15.06, 74.54, 64.46, 67, 67.24, 80.5, 1240.58, 62.06, 90.5, 46.08, 49.92, 71.64, 0, 53.5, 54.58, 60.24, 36.82, 74.5, 24.36, 72.92, 48.54, 61.7, 5.04, 13.02, 85.26, 16.46, 9.58, 1212.8, 14.14, 55.04, 11.5, 27.76, 59.24, 53.5, 0, 35.9, 30.16, 19, 24, 37.58, 45.8, 85.42, 44.22, 51.96, 58.5, 32.2, 37.74, 56.34, 1189.08, 28.72, 36.38, 26.22, 59.82, 23.92, 54.58, 35.9, 0, 10.44, 27.46, 36.94, 54.6, 18.34, 62.82, 9.14, 56.36, 51.02, 50.5, 46.48, 62.32, 1187.54, 20.04, 30.7, 23.04, 56.54, 29.8, 60.24, 30.16, 10.44, 0, 27.78, 26.76, 56.06, 16.22, 73.02, 15.36, 61.28, 58.54, 40.26, 49.72, 67.08, 1215.26, 25.24, 58.14, 9.34, 33.82, 50.94, 36.82, 19, 27.46, 27.78, 0, 37.7, 28.28, 43.46, 66.66, 36.58, 36.4, 40, 48.94, 23.1, 41.66, 1191.14, 12.48, 37.08, 28.42, 49.66, 54.4, 74.5, 24, 36.94, 26.76, 37.7, 0, 61.32, 36, 97.66, 41.54, 73.8, 76.9, 13.58, 59.9, 78.74, 1243.38, 49.84, 86.32, 35.08, 25.96, 76.7, 24.36, 37.58, 54.6, 56.06, 28.28, 61.32, 0, 71.56, 70.96, 63.44, 20.22, 35.78, 69.44, 11.6, 21.94, 1171.82, 33.84, 18.8, 39.28, 72.66, 19.44, 72.92, 45.8, 18.34, 16.22, 43.46, 36, 71.56, 0, 76.28, 13.02, 74.66, 68.98, 47.98, 64.28, 80.6, 1214.04, 86.58, 94.6, 74.3, 93.76, 62.82, 48.54, 85.42, 62.82, 73.02, 66.66, 97.66, 70.96, 76.28, 0, 63.5, 53.56, 35.66, 111, 59.98, 56.56, 1180.6, 35.36, 31.8, 35.1, 68.84, 15.06, 61.7, 44.22, 9.14, 15.36, 36.58, 41.54, 63.44, 13.02, 63.5, 0, 63.92, 56.74, 54.76, 54.88, 69.92, 1243.62, 61.44, 91.82, 45.46, 46.1, 74.54, 5.04, 51.96, 56.36, 61.28, 36.4, 73.8, 20.22, 74.66, 53.56, 63.92, 0, 18.04, 84.02, 14.24, 6, 1232, 64.52, 87.4, 49.2, 60.12, 64.46, 13.02, 58.5, 51.02, 58.54, 40, 76.9, 35.78, 68.98, 35.66, 56.74, 18.04, 0, 88.82, 25.6, 21.9, 1191.34, 24.68, 45, 39.64, 53.18, 67, 85.26, 32.2, 50.5, 40.26, 48.94, 13.58, 69.44, 47.98, 111, 54.76, 84.02, 88.82, 0, 69.84, 88.54, 1235.46, 47.66, 80.4, 31.76, 34.52, 67.24, 16.46, 37.74, 46.48, 49.72, 23.1, 59.9, 11.6, 64.28, 59.98, 54.88, 14.24, 25.6, 69.84, 0, 18.82, 1249.58, 66.48, 97.66, 50.54, 47.76, 80.5, 9.58, 56.34, 62.32, 67.08, 41.66, 78.74, 21.94, 80.6, 56.56, 69.92, 6, 21.9, 88.54, 18.82, 0, 0, 7191.96, 6949.32, 7259.64, 7442.04, 7014.48, 7443.48, 7276.8, 7134.48, 7125.24, 7291.56, 7146.84, 7460.28, 7030.92, 7284.24, 7083.6, 7461.72, 7392, 7148.04, 7412.76, 7497.48, 7191.96, 0, 246.6, 96, 250.8, 298.68, 372.36, 84.84, 172.32, 120.24, 151.44, 74.88, 299.04, 203.04, 519.48, 212.16, 368.64, 387.12, 148.08, 285.96, 398.88, 6949.32, 246.6, 0, 311.16, 496.8, 203.4, 543, 330.24, 218.28, 184.2, 348.84, 222.48, 517.92, 112.8, 567.6, 190.8, 550.92, 524.4, 270, 482.4, 585.96, 7259.64, 96, 311.16, 0, 203.04, 300.6, 276.48, 69, 157.32, 138.24, 56.04, 170.52, 210.48, 235.68, 445.8, 210.6, 272.76, 295.2, 237.84, 190.56, 303.24, 7442.04, 250.8, 496.8, 203.04, 0, 502.44, 299.52, 166.56, 358.92, 339.24, 202.92, 297.96, 155.76, 435.96, 562.56, 413.04, 276.6, 360.72, 319.08, 207.12, 286.56, 7014.48, 298.68, 203.4, 300.6, 502.44, 0, 429.84, 355.44, 143.52, 178.8, 305.64, 326.4, 460.2, 116.64, 376.92, 90.36, 447.24, 386.76, 402, 403.44, 483, 7443.48, 372.36, 543, 276.48, 299.52, 429.84, 0, 321, 327.48, 361.44, 220.92, 447, 146.16, 437.52, 291.24, 370.2, 30.24, 78.12, 511.56, 98.76, 57.48, 7276.8, 84.84, 330.24, 69, 166.56, 355.44, 321, 0, 215.4, 180.96, 114, 144, 225.48, 274.8, 512.52, 265.32, 311.76, 351, 193.2, 226.44, 338.04, 7134.48, 172.32, 218.28, 157.32, 358.92, 143.52, 327.48, 215.4, 0, 62.64, 164.76, 221.64, 327.6, 110.04, 376.92, 54.84, 338.16, 306.12, 303, 278.88, 373.92, 7125.24, 120.24, 184.2, 138.24, 339.24, 178.8, 361.44, 180.96, 62.64, 0, 166.68, 160.56, 336.36, 97.32, 438.12, 92.16, 367.68, 351.24, 241.56, 298.32, 402.48, 7291.56, 151.44, 348.84, 56.04, 202.92, 305.64, 220.92, 114, 164.76, 166.68, 0, 226.2, 169.68, 260.76, 399.96, 219.48, 218.4, 240, 293.64, 138.6, 249.96, 7146.84, 74.88, 222.48, 170.52, 297.96, 326.4, 447, 144, 221.64, 160.56, 226.2, 0, 367.92, 216, 585.96, 249.24, 442.8, 461.4, 81.48, 359.4, 472.44, 7460.28, 299.04, 517.92, 210.48, 155.76, 460.2, 146.16, 225.48, 327.6, 336.36, 169.68, 367.92, 0, 429.36, 425.76, 380.64, 121.32, 214.68, 416.64, 69.6, 131.64, 7030.92, 203.04, 112.8, 235.68, 435.96, 116.64, 437.52, 274.8, 110.04, 97.32, 260.76, 216, 429.36, 0, 457.68, 78.12, 447.96, 413.88, 287.88, 385.68, 483.6, 7284.24, 519.48, 567.6, 445.8, 562.56, 376.92, 291.24, 512.52, 376.92, 438.12, 399.96, 585.96, 425.76, 457.68, 0, 381, 321.36, 213.96, 666, 359.88, 339.36, 7083.6, 212.16, 190.8, 210.6, 413.04, 90.36, 370.2, 265.32, 54.84, 92.16, 219.48, 249.24, 380.64, 78.12, 381, 0, 383.52, 340.44, 328.56, 329.28, 419.52, 7461.72, 368.64, 550.92, 272.76, 276.6, 447.24, 30.24, 311.76, 338.16, 367.68, 218.4, 442.8, 121.32, 447.96, 321.36, 383.52, 0, 108.24, 504.12, 85.44, 36, 7392, 387.12, 524.4, 295.2, 360.72, 386.76, 78.12, 351, 306.12, 351.24, 240, 461.4, 214.68, 413.88, 213.96, 340.44, 108.24, 0, 532.92, 153.6, 131.4, 7148.04, 148.08, 270, 237.84, 319.08, 402, 511.56, 193.2, 303, 241.56, 293.64, 81.48, 416.64, 287.88, 666, 328.56, 504.12, 532.92, 0, 419.04, 531.24, 7412.76, 285.96, 482.4, 190.56, 207.12, 403.44, 98.76, 226.44, 278.88, 298.32, 138.6, 359.4, 69.6, 385.68, 359.88, 329.28, 85.44, 153.6, 419.04, 0, 112.92, 7497.48, 398.88, 585.96, 303.24, 286.56, 483, 57.48, 338.04, 373.92, 402.48, 249.96, 472.44, 131.64, 483.6, 339.36, 419.52, 36, 131.4, 531.24, 112.92, 0

Time Windows (Depot, 1, ..., N)
0, 480, 111, 141, 64, 94, 112, 142, 164, 194, 401, 431, 200, 230, 120, 150, 73, 103, 101, 131, 123, 153, 101, 131, 174, 204, 78, 108, 392, 422, 80, 110, 194, 224, 182, 212, 118, 148, 188, 218, 179, 209