Instance
HEVTSP 1 50 1 TW 3

Customers
50

Service Time (same as Distance for all Modes: combustion, combustion+charging, electric, combustion+electric) (Depot, 1, ..., N, Depot)
0, 3, 3, 2, 3, 4, 7, 5, 3, 4, 4, 5, 3, 3, 2, 3, 2, 1, 3, 6, 3, 8, 8, 2, 8, 6, 6, 8, 2, 5, 2, 2, 7, 1, 6, 2, 3, 1, 8, 8, 2, 6, 8, 2, 5, 1, 4, 2, 6, 5, 1, 0

Initial Charging
0

Max Charging (in Watt/h)
16800

Charging Rate (in Watt/h)
12000

Discharging Rate (in Watt/h)
48000

Coordinates (Used for GUI, not necessarily related to Distances, Time, Costs)
0, 0, 1630, 2380, 3760, 460, 270, 3910, 4980, 2900, 1560, 690, 4770, 340, 4050, 380, 150, 340, 1720, 820, 4960, 3110, 4570, 470, 180, 850, 1580, 1260, 3570, 4530, 4260, 3960, 50, 760, 3070, 2080, 4690, 1820, 30, 2890, 50, 2530, 3600, 270, 1270, 2600, 3700, 3440, 2880, 2630, 4150, 1700, 3550, 1070, 2600, 2230, 470, 890, 2040, 70, 4040, 2240, 2600, 3720, 4940, 1090, 860, 4800, 2810, 1140, 2790, 3380, 4040, 3960, 1330, 3870, 1010, 210, 4410, 860, 4360, 2150, 3310, 3620, 2090, 2630, 900, 2470, 2550, 4060, 1370, 4220, 2450, 4060, 760, 2240, 4010, 2070, 410, 2460, 5000, 5000

Distances (Depot-Depot, Depot-1, Depot-..., Depot-N, 1-Depot, 1-1, ..., M-N)
0, 2885, 3788, 3919, 5763, 1706, 4782, 4068, 372, 1905, 5854, 4594, 869, 2021, 5768, 5816, 762, 3708, 5031, 2890, 2530, 3610, 2894, 5052, 3900, 4485, 3708, 3425, 1006, 2041, 4619, 4539, 5059, 4876, 3032, 4383, 5657, 4092, 1032, 4493, 4861, 4905, 3359, 2629, 4794, 4437, 4742, 2365, 4513, 2494, 7071, 2885, 0, 2868, 2047, 3390, 1691, 3744, 3139, 2520, 1563, 3409, 3506, 2108, 1121, 2896, 3068, 2263, 1471, 3111, 1679, 1587, 2887, 422, 2326, 1275, 2610, 2324, 982, 1888, 2346, 2414, 1654, 3552, 2540, 1712, 1532, 2882, 1520, 2257, 3168, 2740, 2088, 524, 736, 1915, 1858, 1869, 881, 2400, 1223, 4269, 3788, 2868, 0, 4907, 2728, 2212, 1017, 301, 3612, 2072, 2909, 810, 3601, 2322, 4074, 3536, 3722, 1761, 1648, 4452, 4248, 248, 3283, 2981, 2342, 1300, 645, 2116, 3318, 1764, 1802, 3460, 1338, 5220, 1168, 3077, 3511, 4187, 2761, 763, 1793, 3192, 2738, 3496, 3798, 4455, 3831, 3488, 1629, 3902, 4706, 3919, 2047, 4907, 0, 4817, 3469, 5744, 5172, 3572, 3413, 4758, 5507, 3061, 2956, 3358, 3990, 3158, 3345, 4889, 1048, 1397, 4933, 1648, 3462, 2907, 4465, 4339, 2873, 3027, 4228, 4123, 2338, 5455, 1068, 3758, 2575, 3770, 1061, 3773, 5142, 4453, 3054, 2225, 1572, 2285, 1143, 2185, 1740, 4168, 1457, 4854, 5763, 3390, 2728, 4817, 0, 4072, 2569, 2686, 5466, 3867, 211, 2464, 5219, 3775, 2155, 1281, 5374, 2079, 1118, 4950, 4944, 2970, 3722, 1389, 2117, 1459, 2322, 2473, 4938, 4081, 1149, 2517, 1810, 4537, 2794, 2242, 1417, 3777, 4796, 2118, 973, 1819, 2903, 4103, 2693, 3844, 2783, 4271, 1277, 4591, 2100, 1706, 1691, 2212, 3469, 4072, 0, 3229, 2509, 1453, 206, 4173, 3018, 1389, 570, 4334, 4241, 1512, 2052, 3328, 2680, 2380, 2083, 1932, 3485, 2346, 2780, 2026, 1858, 1108, 784, 2925, 3204, 3404, 4169, 1329, 2958, 4104, 3188, 730, 2855, 3158, 3413, 2011, 1898, 3512, 3535, 3486, 1744, 2812, 2111, 5514, 4782, 3744, 1017, 5744, 2569, 3229, 0, 721, 4620, 3088, 2777, 239, 4618, 3320, 4358, 3656, 4739, 2433, 1482, 5382, 5203, 1172, 4166, 3279, 2969, 1495, 1422, 2878, 4335, 2743, 2035, 4017, 769, 5931, 2117, 3628, 3693, 4929, 3762, 632, 1856, 3590, 3525, 4417, 4332, 5159, 4384, 4437, 1890, 4848, 4666, 4068, 3139, 301, 5172, 2686, 2509, 721, 0, 3900, 2371, 2878, 528, 3898, 2622, 4178, 3586, 4018, 1962, 1576, 4739, 4541, 463, 3558, 3080, 2536, 1324, 852, 2351, 3616, 2034, 1860, 3641, 1139, 5451, 1454, 3254, 3580, 4425, 3045, 600, 1797, 3323, 2984, 3780, 3974, 4683, 4013, 3779, 1690, 4192, 4717, 372, 2520, 3612, 3572, 5466, 1453, 4620, 3900, 0, 1642, 5551, 4422, 511, 1700, 5409, 5477, 432, 3399, 4775, 2553, 2192, 3451, 2522, 4713, 3563, 4225, 3477, 3094, 636, 1909, 4329, 4175, 4848, 4516, 2778, 4026, 5314, 3722, 870, 4292, 4583, 4555, 3001, 2258, 4427, 4067, 4374, 1996, 4230, 2136, 6726, 1905, 1563, 2072, 3413, 3867, 206, 3088, 2371, 1642, 0, 3968, 2871, 1540, 462, 4146, 4039, 1671, 1847, 3134, 2672, 2390, 1959, 1836, 3284, 2150, 2584, 1847, 1662, 1252, 815, 2720, 3031, 3231, 4072, 1136, 2775, 3904, 3075, 936, 2690, 2956, 3220, 1847, 1843, 3345, 3418, 3321, 1714, 2609, 2099, 5313, 5854, 3409, 2909, 4758, 211, 4173, 2777, 2878, 5551, 3968, 0, 2669, 5287, 3853, 1987, 1101, 5443, 2152, 1318, 4935, 4944, 3149, 3725, 1302, 2135, 1626, 2480, 2519, 5009, 4215, 1266, 2438, 2020, 4435, 2916, 2187, 1253, 3709, 4900, 2316, 1132, 1727, 2910, 4110, 2590, 3758, 2684, 4289, 1409, 4596, 1890, 4594, 3506, 810, 5507, 2464, 3018, 239, 528, 4422, 2871, 2669, 0, 4406, 3093, 4181, 3504, 4529, 2200, 1355, 5145, 4967, 990, 3928, 3095, 2743, 1300, 1183, 2642, 4121, 2561, 1848, 3800, 722, 5702, 1883, 3411, 3530, 4697, 3569, 422, 1693, 3393, 3289, 4180, 4119, 4930, 4169, 4201, 1695, 4611, 4550, 869, 2108, 3601, 3061, 5219, 1389, 4618, 3898, 511, 1540, 5287, 4406, 0, 1459, 5003, 5130, 158, 3141, 4613, 2046, 1685, 3469, 2062, 4370, 3234, 4060, 3377, 2786, 293, 2017, 4103, 3754, 4766, 4008, 2646, 3635, 4957, 3232, 1048, 4230, 4377, 4180, 2611, 1773, 3990, 3574, 3932, 1506, 4020, 1626, 6360, 2021, 1121, 2322, 2956, 3775, 570, 3320, 2622, 1700, 462, 3853, 3093, 1459, 0, 3828, 3804, 1610, 1701, 3160, 2249, 1988, 2250, 1375, 3041, 1889, 2607, 1979, 1408, 1170, 1276, 2648, 2663, 3364, 3612, 1236, 2441, 3653, 2622, 1195, 2858, 2919, 2926, 1462, 1388, 2963, 2967, 2932, 1278, 2561, 1676, 5068, 5768, 2896, 4074, 3358, 2155, 4334, 4358, 4178, 5409, 4146, 1987, 4181, 5003, 3828, 0, 895, 5158, 2500, 2932, 3901, 4049, 4260, 3002, 1098, 2021, 2889, 3460, 2496, 4781, 4715, 2338, 1264, 3703, 2723, 3474, 1390, 739, 2335, 5022, 3765, 2508, 946, 2408, 3372, 1123, 2222, 1215, 3625, 2499, 3778, 1505, 5816, 3068, 3536, 3990, 1281, 4241, 3656, 3586, 5477, 4039, 1101, 3504, 5130, 3804, 895, 0, 5288, 2225, 2183, 4363, 4446, 3749, 3285, 764, 1917, 2263, 2976, 2398, 4877, 4479, 1734, 1677, 2949, 3502, 3171, 1580, 220, 2931, 4962, 3104, 1813, 1009, 2545, 3676, 1713, 2902, 1813, 3900, 1906, 4132, 1276, 762, 2263, 3722, 3158, 5374, 1512, 4739, 4018, 432, 1671, 5443, 4529, 158, 1610, 5158, 5288, 0, 3296, 4760, 2130, 1770, 3584, 2208, 4528, 3392, 4206, 3514, 2943, 440, 2106, 4256, 3907, 4901, 4120, 2786, 3791, 5115, 3363, 1106, 4361, 4529, 4337, 2767, 1910, 4140, 3703, 4080, 1641, 4171, 1738, 6518, 3708, 1471, 1761, 3345, 2079, 2052, 2433, 1962, 3399, 1847, 2152, 2200, 3141, 1701, 2500, 2225, 3296, 0, 1641, 3146, 3053, 1886, 1874, 1499, 582, 1145, 1118, 493, 2859, 2259, 983, 1706, 2116, 3505, 975, 1330, 2115, 2496, 2782, 1812, 1292, 1559, 1124, 2205, 2047, 2733, 2075, 2316, 940, 2687, 3500, 5031, 3111, 1648, 4889, 1118, 3328, 1482, 1576, 4775, 3134, 1318, 1355, 4613, 3160, 2932, 2183, 4760, 1641, 0, 4781, 4694, 1895, 3508, 1899, 1983, 553, 1365, 2130, 4321, 3176, 774, 2825, 772, 4853, 1999, 2458, 2237, 3936, 4017, 1000, 467, 2268, 2723, 3845, 3098, 4097, 3168, 3952, 724, 4328, 3195, 2890, 1679, 4452, 1048, 4950, 2680, 5382, 4739, 2553, 2672, 4935, 5145, 2046, 2249, 3901, 4363, 2130, 3146, 4781, 0, 361, 4428, 1273, 3711, 2862, 4288, 3963, 2653, 2048, 3463, 4062, 2701, 5230, 2083, 3285, 2803, 4150, 1628, 2854, 4828, 4393, 3360, 2076, 966, 2778, 1888, 2688, 977, 4064, 574, 5399, 2530, 1587, 4248, 1397, 4944, 2380, 5203, 4541, 2192, 2390, 4944, 4967, 1685, 1988, 4049, 4446, 1770, 3053, 4694, 361, 0, 4208, 1222, 3762, 2832, 4183, 3792, 2568, 1693, 3164, 4001, 2814, 5098, 2410, 3090, 2869, 4239, 1853, 2511, 4669, 4327, 3437, 2042, 852, 2931, 2144, 2846, 767, 3987, 367, 5532, 3610, 2887, 248, 4933, 2970, 2083, 1172, 463, 3451, 1959, 3149, 990, 3469, 2250, 4260, 3749, 3584, 1886, 1895, 4428, 4208, 0, 3295, 3172, 2467, 1532, 802, 2200, 3191, 1573, 2019, 3592, 1571, 5294, 1175, 3214, 3716, 4256, 2591, 1002, 2028, 3363, 2802, 3483, 3933, 4536, 3961, 3456, 1846, 3869, 4933, 2894, 422, 3283, 1648, 3722, 1932, 4166, 3558, 2522, 1836, 3725, 3928, 2062, 1375, 3002, 3285, 2208, 1874, 3508, 1273, 1222, 3295, 0, 2571, 1610, 3017, 2746, 1381, 1888, 2645, 2793, 1739, 3969, 2238, 2122, 1708, 3086, 1271, 2404, 3590, 3123, 2281, 821, 392, 1942, 1623, 1877, 624, 2791, 871, 4435, 5052, 2326, 2981, 3462, 1389, 3485, 3279, 3080, 4713, 3284, 1302, 3095, 4370, 3041, 1098, 764, 4528, 1499, 1899, 3711, 3762, 3172, 2571, 0, 1153, 1797, 2375, 1635, 4115, 3757, 1247, 1135, 2657, 3149, 2466, 912, 621, 2409, 4203, 2676, 1449, 430, 1802, 2963, 1306, 2457, 1395, 3175, 1405, 3433, 2031, 3900, 1275, 2342, 2907, 2117, 2346, 2969, 2536, 3563, 2150, 2135, 2743, 3234, 1889, 2021, 1917, 3392, 582, 1983, 2862, 2832, 2467, 1610, 1153, 0, 1574, 1698, 488, 2972, 2694, 1224, 1125, 2572, 2965, 1492, 755, 1765, 1985, 3058, 2340, 1556, 1079, 790, 1986, 1468, 2193, 1493, 2156, 1261, 2476, 3180, 4485, 2610, 1300, 4465, 1459, 2780, 1495, 1324, 4225, 2584, 1626, 1300, 4060, 2607, 2889, 2263, 4206, 1145, 553, 4288, 4183, 1532, 3017, 1797, 1574, 0, 870, 1638, 3768, 2666, 551, 2546, 998, 4520, 1452, 2161, 2263, 3558, 3476, 879, 497, 2096, 2260, 3340, 2851, 3752, 2909, 3433, 396, 3816, 3408, 3708, 2324, 645, 4339, 2322, 2026, 1422, 852, 3477, 1847, 2480, 1183, 3377, 1979, 3460, 2976, 3514, 1118, 1365, 3963, 3792, 802, 2746, 2375, 1698, 870, 0, 1499, 3085, 1811, 1268, 2815, 1390, 4599, 743, 2432, 2931, 3573, 2682, 885, 1350, 2561, 2137, 2997, 3153, 3831, 3186, 3025, 1101, 3434, 4189, 3425, 982, 2116, 2873, 2473, 1858, 2878, 2351, 3094, 1662, 2519, 2642, 2786, 1408, 2496, 2398, 2943, 493, 2130, 2653, 2568, 2200, 1381, 1635, 488, 1638, 1499, 0, 2516, 2231, 1440, 1490, 2603, 3104, 1110, 1166, 2251, 2074, 2571, 2270, 1762, 1561, 648, 1717, 1831, 2339, 1836, 1840, 1419, 2202, 3665, 1006, 1888, 3318, 3027, 4938, 1108, 4335, 3616, 636, 1252, 5009, 4121, 293, 1170, 4781, 4877, 440, 2859, 4321, 2048, 1693, 3191, 1888, 4115, 2972, 3768, 3085, 2516, 0, 1771, 3817, 3542, 4474, 3929, 2353, 3403, 4708, 3102, 868, 3940, 4089, 3939, 2377, 1637, 3791, 3449, 3738, 1381, 3731, 1571, 6117, 2041, 2346, 1764, 4228, 4081, 784, 2743, 2034, 1909, 815, 4215, 2561, 2017, 1276, 4715, 4479, 2106, 2259, 3176, 3463, 3164, 1573, 2645, 3757, 2694, 2666, 1811, 2231, 1771, 0, 2951, 3693, 3074, 4875, 1318, 3394, 4374, 3866, 1039, 2498, 3116, 3770, 2560, 2657, 4022, 4204, 4011, 2519, 2807, 2893, 5750, 4619, 2414, 1802, 4123, 1149, 2925, 2035, 1860, 4329, 2720, 1266, 1848, 4103, 2648, 2338, 1734, 4256, 983, 774, 4062, 4001, 2019, 2793, 1247, 1224, 551, 1268, 1440, 3817, 2951, 0, 2065, 1460, 4082, 1650, 1692, 1720, 3162, 3647, 1429, 332, 1561, 1989, 3148, 2352, 3324, 2417, 3280, 173, 3637, 2922, 4539, 1654, 3460, 2338, 2517, 3204, 4017, 3641, 4175, 3031, 2438, 3800, 3754, 2663, 1264, 1677, 3907, 1706, 2825, 2701, 2814, 3592, 1739, 1135, 1125, 2546, 2815, 1490, 3542, 3693, 2065, 0, 3520, 2048, 2589, 389, 1460, 1279, 3853, 3385, 2358, 717, 1203, 2110, 344, 1328, 372, 2361, 2170, 2527, 2720, 5059, 3552, 1338, 5455, 1810, 3404, 769, 1139, 4848, 3231, 2020, 722, 4766, 3364, 3703, 2949, 4901, 2116, 772, 5230, 5098, 1571, 3969, 2657, 2572, 998, 1390, 2603, 4474, 3074, 1460, 3520, 0, 5515, 2131, 3141, 3008, 4556, 4027, 578, 1208, 3010, 3239, 4269, 3812, 4748, 3876, 4335, 1351, 4733, 3910, 4876, 2540, 5220, 1068, 4537, 4169, 5931, 5451, 4516, 4072, 4435, 5702, 4008, 3612, 2723, 3502, 4120, 3505, 4853, 2083, 2410, 5294, 2238, 3149, 2965, 4520, 4599, 3104, 3929, 4875, 4082, 2048, 5515, 0, 4147, 2396, 3289, 1042, 4592, 5303, 4390, 2719, 2494, 2330, 1845, 772, 1754, 2562, 4168, 2383, 4145, 3032, 1712, 1168, 3758, 2794, 1329, 2117, 1454, 2778, 1136, 2916, 1883, 2646, 1236, 3474, 3171, 2786, 975, 1999, 3285, 3090, 1175, 2122, 2466, 1492, 1452, 743, 1110, 2353, 1318, 1650, 2589, 2131, 4147, 0, 2240, 3077, 3105, 2026, 1624, 1850, 2530, 1655, 2327, 2932, 3400, 2942, 2326, 1518, 2739, 4438, 4383, 1532, 3077, 2575, 2242, 2958, 3628, 3254, 4026, 2775, 2187, 3411, 3635, 2441, 1390, 1580, 3791, 1330, 2458, 2803, 2869, 3214, 1708, 912, 755, 2161, 2432, 1166, 3403, 3394, 1692, 389, 3141, 2396, 2240, 0, 1378, 1540, 3636, 2996, 1994, 573, 1026, 2098, 721, 1650, 760, 2328, 1790, 2552, 2740, 5657, 2882, 3511, 3770, 1417, 4104, 3693, 3580, 5314, 3904, 1253, 3530, 4957, 3653, 739, 220, 5115, 2115, 2237, 4150, 4239, 3716, 3086, 621, 1765, 2263, 2931, 2251, 4708, 4374, 1720, 1460, 3008, 3289, 3077, 1378, 0, 2711, 4821, 3122, 1838, 805, 2360, 3476, 1493, 2683, 1593, 3704, 1890, 3928, 1415, 4092, 1520, 4187, 1061, 3777, 3188, 4929, 4425, 3722, 3075, 3709, 4697, 3232, 2622, 2335, 2931, 3363, 2496, 3936, 1628, 1853, 4256, 1271, 2409, 1985, 3558, 3573, 2074, 3102, 3866, 3162, 1279, 4556, 1042, 3105, 1540, 2711, 0, 3674, 4307, 3484, 1996, 1454, 1465, 1235, 352, 1136, 1727, 3228, 1684, 3840, 1032, 2257, 2761, 3773, 4796, 730, 3762, 3045, 870, 936, 4900, 3569, 1048, 1195, 5022, 4962, 1106, 2782, 4017, 2854, 2511, 2591, 2404, 4203, 3058, 3476, 2682, 2571, 868, 1039, 3647, 3853, 4027, 4592, 2026, 3636, 4821, 3674, 0, 3462, 3871, 4113, 2650, 2263, 4147, 4026, 4110, 2045, 3530, 2329, 6234, 4493, 3168, 763, 5142, 2118, 2855, 632, 600, 4292, 2690, 2316, 422, 4230, 2858, 3765, 3104, 4361, 1812, 1000, 4828, 4669, 1002, 3590, 2676, 2340, 879, 885, 2270, 3940, 2498, 1429, 3385, 578, 5303, 1624, 2996, 3122, 4307, 3462, 0, 1291, 2971, 2918, 3862, 3701, 4531, 3753, 3902, 1274, 4308, 4182, 4861, 2740, 1793, 4453, 973, 3158, 1856, 1797, 4583, 2956, 1132, 1693, 4377, 2919, 2508, 1813, 4529, 1292, 467, 4393, 4327, 2028, 3123, 1449, 1556, 497, 1350, 1762, 4089, 3116, 332, 2358, 1208, 4390, 1850, 1994, 1838, 3484, 3871, 1291, 0, 1806, 2320, 3475, 2631, 3637, 2701, 3601, 359, 3962, 2921, 4905, 2088, 3192, 3054, 1819, 3413, 3590, 3323, 4555, 3220, 1727, 3393, 4180, 2926, 946, 1009, 4337, 1559, 2268, 3360, 3437, 3363, 2281, 430, 1079, 2096, 2561, 1561, 3939, 3770, 1561, 717, 3010, 2719, 2530, 573, 805, 1996, 4113, 2971, 1806, 0, 1571, 2670, 878, 2031, 966, 2899, 1701, 3123, 2182, 3359, 524, 2738, 2225, 2903, 2011, 3525, 2984, 3001, 1847, 2910, 3289, 2611, 1462, 2408, 2545, 2767, 1124, 2723, 2076, 2042, 2802, 821, 1802, 790, 2260, 2137, 648, 2377, 2560, 1989, 1203, 3239, 2494, 1655, 1026, 2360, 1454, 2650, 2918, 2320, 1571, 0, 1201, 1502, 1745, 1475, 1386, 2000, 1689, 3753, 2629, 736, 3496, 1572, 4103, 1898, 4417, 3780, 2258, 1843, 4110, 4180, 1773, 1388, 3372, 3676, 1910, 2205, 3845, 966, 852, 3483, 392, 2963, 1986, 3340, 2997, 1717, 1637, 2657, 3148, 2110, 4269, 2330, 2327, 2098, 3476, 1465, 2263, 3862, 3475, 2670, 1201, 0, 2291, 1812, 2220, 269, 3136, 490, 4818, 4794, 1915, 3798, 2285, 2693, 3512, 4332, 3974, 4427, 3345, 2590, 4119, 3990, 2963, 1123, 1713, 4140, 2047, 3098, 2778, 2931, 3933, 1942, 1306, 1468, 2851, 3153, 1831, 3791, 4022, 2352, 344, 3812, 1845, 2932, 721, 1493, 1235, 4147, 3701, 2631, 878, 1502, 2291, 0, 1191, 100, 2553, 2468, 2672, 2624, 4437, 1858, 4455, 1143, 3844, 3535, 5159, 4683, 4067, 3418, 3758, 4930, 3574, 2967, 2222, 2902, 3703, 2733, 4097, 1888, 2144, 4536, 1623, 2457, 2193, 3752, 3831, 2339, 3449, 4204, 3324, 1328, 4748, 772, 3400, 1650, 2683, 352, 4026, 4531, 3637, 2031, 1745, 1812, 1191, 0, 1092, 2072, 3405, 2005, 3713, 4742, 1869, 3831, 2185, 2783, 3486, 4384, 4013, 4374, 3321, 2684, 4169, 3932, 2932, 1215, 1813, 4080, 2075, 3168, 2688, 2846, 3961, 1877, 1395, 1493, 2909, 3186, 1836, 3738, 4011, 2417, 372, 3876, 1754, 2942, 760, 1593, 1136, 4110, 3753, 2701, 966, 1475, 2220, 100, 1092, 0, 2484, 2529, 2593, 2718, 2365, 881, 3488, 1740, 4271, 1744, 4437, 3779, 1996, 1714, 4289, 4201, 1506, 1278, 3625, 3900, 1641, 2316, 3952, 977, 767, 3456, 624, 3175, 2156, 3433, 3025, 1840, 1381, 2519, 3280, 2361, 4335, 2562, 2326, 2328, 3704, 1727, 2045, 3902, 3601, 2899, 1386, 269, 2553, 2072, 2484, 0, 3254, 413, 5059, 4513, 2400, 1629, 4168, 1277, 2812, 1890, 1690, 4230, 2609, 1409, 1695, 4020, 2561, 2499, 1906, 4171, 940, 724, 4064, 3987, 1846, 2791, 1405, 1261, 396, 1101, 1419, 3731, 2807, 173, 2170, 1351, 4168, 1518, 1790, 1890, 3228, 3530, 1274, 359, 1701, 2000, 3136, 2468, 3405, 2529, 3254, 0, 3621, 3093, 2494, 1223, 3902, 1457, 4591, 2111, 4848, 4192, 2136, 2099, 4596, 4611, 1626, 1676, 3778, 4132, 1738, 2687, 4328, 574, 367, 3869, 871, 3433, 2476, 3816, 3434, 2202, 1571, 2893, 3637, 2527, 4733, 2383, 2739, 2552, 3928, 1684, 2329, 4308, 3962, 3123, 1689, 490, 2672, 2005, 2593, 413, 3621, 0, 5246, 7071, 4269, 4706, 4854, 2100, 5514, 4666, 4717, 6726, 5313, 1890, 4550, 6360, 5068, 1505, 1276, 6518, 3500, 3195, 5399, 5532, 4933, 4435, 2031, 3180, 3408, 4189, 3665, 6117, 5750, 2922, 2720, 3910, 4145, 4438, 2740, 1415, 3840, 6234, 4182, 2921, 2182, 3753, 4818, 2624, 3713, 2718, 5059, 3093, 5246, 0

Time (same as Distance for all Modes: combustion, combustion+charging, electric, combustion+electric)
0, 7.21, 9.47, 9.8, 11.92, 4.27, 11.96, 10.17, 1.86, 4.76, 12.11, 11.49, 3.07, 5.05, 11.93, 12.03, 2.69, 9.27, 10.41, 7.23, 6.33, 9.03, 7.24, 10.45, 9.75, 11.21, 9.27, 8.56, 2.52, 5.1, 11.55, 11.35, 10.47, 12.19, 7.58, 10.96, 11.7, 10.23, 2.58, 11.23, 12.15, 12.26, 8.4, 6.57, 11.99, 11.09, 11.86, 5.91, 11.28, 6.24, 14.63, 7.21, 0, 7.17, 5.12, 8.48, 4.23, 9.36, 7.85, 6.3, 3.91, 8.52, 8.77, 5.27, 2.8, 7.24, 7.67, 5.66, 3.68, 7.78, 4.2, 3.97, 7.22, 2.11, 5.82, 3.19, 6.53, 5.81, 3.47, 4.72, 5.87, 6.04, 4.14, 8.88, 6.35, 4.28, 3.83, 7.21, 3.8, 5.64, 7.92, 6.85, 5.22, 1.85, 2.6, 4.79, 4.65, 4.67, 3.11, 6, 3.06, 10.67, 9.47, 7.17, 0, 12.27, 6.82, 5.53, 2.54, 1.51, 9.03, 5.18, 7.27, 2.86, 9, 5.81, 10.19, 8.84, 9.31, 4.4, 4.12, 11.13, 10.62, 1.24, 8.21, 7.45, 5.86, 3.25, 2.28, 5.29, 8.3, 4.41, 4.51, 8.65, 3.35, 10.8, 2.92, 7.69, 8.78, 10.47, 6.9, 2.69, 4.48, 7.98, 6.85, 8.74, 9.5, 11.14, 9.58, 8.72, 4.07, 9.76, 11.77, 9.8, 5.12, 12.27, 0, 12.04, 8.67, 11.88, 10.7, 8.93, 8.53, 11.9, 11.39, 7.65, 7.39, 8.4, 9.98, 7.9, 8.36, 12.22, 2.62, 3.49, 12.33, 4.12, 8.66, 7.27, 11.16, 10.85, 7.18, 7.57, 10.57, 10.31, 5.85, 11.29, 2.67, 9.4, 6.44, 9.43, 2.65, 9.43, 10.64, 11.13, 7.64, 5.56, 3.93, 5.71, 2.86, 5.46, 4.35, 10.42, 3.64, 12.14, 11.92, 8.48, 6.82, 12.04, 0, 10.18, 6.42, 6.72, 11.31, 9.67, 1.06, 6.16, 10.8, 9.44, 5.39, 3.2, 11.12, 5.2, 2.8, 12.38, 12.36, 7.43, 9.31, 3.47, 5.29, 3.65, 5.81, 6.18, 12.35, 10.2, 2.87, 6.29, 4.53, 11.34, 6.99, 5.61, 3.54, 9.44, 11.99, 5.3, 3.43, 4.55, 7.26, 10.26, 6.73, 9.61, 6.96, 10.68, 3.19, 11.48, 5.25, 4.27, 4.23, 5.53, 8.67, 10.18, 0, 8.07, 6.27, 3.63, 1.03, 10.43, 7.55, 3.47, 2.01, 10.84, 10.6, 3.78, 5.13, 8.32, 6.7, 5.95, 5.21, 4.83, 8.71, 5.87, 6.95, 5.07, 4.65, 2.77, 2.77, 7.31, 8.01, 8.51, 10.42, 3.32, 7.4, 10.26, 7.97, 2.58, 7.14, 7.9, 8.53, 5.03, 4.75, 8.78, 8.84, 8.72, 4.36, 7.03, 5.28, 11.41, 11.96, 9.36, 2.54, 11.88, 6.42, 8.07, 0, 2.54, 11.55, 7.72, 6.94, 1.2, 11.55, 8.3, 10.9, 9.14, 11.85, 6.08, 3.71, 11.14, 10.76, 2.93, 10.42, 8.2, 7.42, 3.74, 3.56, 7.2, 10.84, 6.86, 5.09, 10.04, 2.71, 12.27, 5.29, 9.07, 9.23, 12.32, 9.41, 2.23, 4.64, 8.98, 8.81, 11.04, 10.83, 10.67, 10.96, 11.09, 4.73, 12.12, 11.67, 10.17, 7.85, 1.51, 10.7, 6.72, 6.27, 2.54, 0, 9.75, 5.93, 7.2, 1.86, 9.75, 6.56, 10.45, 8.97, 10.05, 4.91, 3.94, 11.85, 11.35, 2.32, 8.9, 7.7, 6.34, 3.31, 3.01, 5.88, 9.04, 5.09, 4.65, 9.1, 2.85, 11.28, 3.64, 8.14, 8.95, 11.06, 7.61, 2.12, 4.49, 8.31, 7.46, 9.45, 9.94, 11.71, 10.03, 9.45, 4.23, 10.48, 11.79, 1.86, 6.3, 9.03, 8.93, 11.31, 3.63, 11.55, 9.75, 0, 4.11, 11.48, 11.06, 1.8, 4.25, 11.19, 11.33, 2.16, 8.5, 11.94, 6.38, 5.48, 8.63, 6.31, 11.78, 8.91, 10.56, 8.69, 7.74, 2.24, 4.77, 10.82, 10.44, 12.12, 11.29, 6.95, 10.07, 10.99, 9.31, 3.07, 10.73, 11.46, 11.39, 7.5, 5.65, 11.07, 10.17, 10.94, 4.99, 10.58, 5.34, 13.92, 4.76, 3.91, 5.18, 8.53, 9.67, 1.03, 7.72, 5.93, 4.11, 0, 9.92, 7.18, 3.85, 2.31, 10.37, 10.1, 4.18, 4.62, 7.84, 6.68, 5.98, 4.9, 4.59, 8.21, 5.38, 6.46, 4.62, 4.16, 3.13, 2.88, 6.8, 7.58, 8.08, 10.18, 2.84, 6.94, 9.76, 7.69, 3.3, 6.73, 7.39, 8.05, 4.62, 4.61, 8.36, 8.55, 8.3, 4.29, 6.52, 5.25, 10.99, 12.11, 8.52, 7.27, 11.9, 1.06, 10.43, 6.94, 7.2, 11.48, 9.92, 0, 6.67, 10.94, 9.63, 4.97, 2.75, 11.26, 5.38, 3.3, 12.34, 12.36, 7.87, 9.31, 3.26, 5.34, 4.07, 6.2, 6.3, 10.36, 10.54, 3.17, 6.1, 5.05, 11.09, 7.29, 5.47, 3.13, 9.27, 12.25, 5.79, 2.83, 4.32, 7.28, 10.28, 6.48, 9.4, 6.71, 10.72, 3.52, 11.49, 4.73, 11.49, 8.77, 2.86, 11.39, 6.16, 7.55, 1.2, 1.86, 11.06, 7.18, 6.67, 0, 11.02, 7.73, 10.45, 8.76, 11.32, 5.5, 3.39, 10.64, 12.42, 3.49, 9.82, 7.74, 6.86, 3.25, 2.96, 6.61, 10.3, 6.4, 4.62, 9.5, 2.55, 11.8, 4.71, 8.53, 8.83, 11.74, 8.92, 2.11, 4.23, 8.48, 8.22, 10.45, 10.3, 12.33, 10.42, 10.5, 4.24, 11.53, 11.38, 3.07, 5.27, 9, 7.65, 10.8, 3.47, 11.55, 9.75, 1.8, 3.85, 10.94, 11.02, 0, 3.65, 10.35, 10.61, 0.79, 7.85, 11.53, 5.12, 4.21, 8.67, 5.16, 10.93, 8.09, 10.15, 8.44, 6.97, 1.47, 5.04, 10.26, 9.39, 11.92, 10.02, 6.62, 9.09, 12.39, 8.08, 2.62, 10.58, 10.94, 10.45, 6.53, 4.43, 9.98, 8.94, 9.83, 3.77, 10.05, 4.07, 13.16, 5.05, 2.8, 5.81, 7.39, 9.44, 2.01, 8.3, 6.56, 4.25, 2.31, 9.63, 7.73, 3.65, 0, 9.57, 9.51, 4.03, 4.25, 7.9, 5.62, 4.97, 5.63, 3.44, 7.6, 4.72, 6.52, 4.95, 3.52, 2.93, 3.19, 6.62, 6.66, 8.41, 9.03, 3.09, 6.1, 9.13, 6.56, 2.99, 7.15, 7.3, 7.32, 3.66, 3.47, 7.41, 7.42, 7.33, 3.2, 6.4, 4.19, 10.49, 11.93, 7.24, 10.19, 8.4, 5.39, 10.84, 10.9, 10.45, 11.19, 10.37, 4.97, 10.45, 10.35, 9.57, 0, 3.16, 10.67, 6.25, 7.33, 9.75, 10.12, 10.65, 7.51, 2.75, 5.05, 7.22, 8.65, 6.24, 11.95, 11.79, 5.85, 3.16, 9.26, 6.81, 8.69, 3.48, 2.61, 5.84, 10.39, 9.41, 6.27, 3.34, 6.02, 8.43, 2.81, 5.56, 3.04, 9.06, 6.25, 9.45, 3.76, 12.03, 7.67, 8.84, 9.98, 3.2, 10.6, 9.14, 8.97, 11.33, 10.1, 2.75, 8.76, 10.61, 9.51, 3.16, 0, 10.94, 5.56, 5.46, 10.91, 11.12, 9.37, 8.21, 2.7, 4.79, 5.66, 7.44, 6, 12.19, 11.2, 4.34, 4.19, 7.37, 8.76, 7.93, 3.95, 1.1, 7.33, 12.41, 7.76, 4.53, 2.52, 6.36, 9.19, 4.28, 7.26, 4.53, 9.75, 4.77, 10.33, 3.19, 2.69, 5.66, 9.31, 7.9, 11.12, 3.78, 11.85, 10.05, 2.16, 4.18, 11.26, 11.32, 0.79, 4.03, 10.67, 10.94, 0, 8.24, 11.9, 5.33, 4.43, 8.96, 5.52, 11.32, 8.48, 10.52, 8.79, 7.36, 2.2, 5.27, 10.64, 9.77, 12.25, 10.3, 6.97, 9.48, 10.58, 8.41, 2.77, 10.9, 11.32, 10.84, 6.92, 4.78, 10.35, 9.26, 10.2, 4.1, 10.43, 4.35, 13.49, 9.27, 3.68, 4.4, 8.36, 5.2, 5.13, 6.08, 4.91, 8.5, 4.62, 5.38, 5.5, 7.85, 4.25, 6.25, 5.56, 8.24, 0, 4.1, 7.87, 7.63, 4.72, 4.69, 3.75, 2.05, 2.86, 2.8, 2.47, 7.15, 5.65, 3.47, 4.27, 5.29, 8.76, 3.44, 3.33, 5.29, 6.24, 6.96, 4.53, 3.23, 3.9, 2.81, 5.51, 5.12, 6.83, 5.19, 5.79, 3.32, 6.72, 8.75, 10.41, 7.78, 4.12, 12.22, 2.8, 8.32, 3.71, 3.94, 11.94, 7.84, 3.3, 3.39, 11.53, 7.9, 7.33, 5.46, 11.9, 4.1, 0, 11.95, 11.74, 4.74, 8.77, 4.75, 4.96, 1.95, 3.41, 5.33, 10.8, 7.94, 2.73, 7.06, 2.72, 12.13, 5, 6.15, 5.59, 9.84, 10.04, 3.53, 2.34, 5.67, 6.81, 9.61, 7.75, 10.24, 7.92, 9.88, 2.56, 10.82, 7.99, 7.23, 4.2, 11.13, 2.62, 12.38, 6.7, 11.14, 11.85, 6.38, 6.68, 12.34, 10.64, 5.12, 5.62, 9.75, 10.91, 5.33, 7.87, 11.95, 0, 1.81, 11.07, 3.18, 9.28, 7.16, 10.72, 9.91, 6.63, 5.12, 8.66, 10.16, 6.75, 10.82, 5.21, 8.21, 7.01, 10.38, 4.07, 7.14, 12.07, 10.98, 8.4, 5.19, 3.41, 6.95, 4.72, 6.72, 3.45, 10.16, 2.03, 11.17, 6.33, 3.97, 10.62, 3.49, 12.36, 5.95, 10.76, 11.35, 5.48, 5.98, 12.36, 12.42, 4.21, 4.97, 10.12, 11.12, 4.43, 7.63, 11.74, 1.81, 0, 10.52, 3.06, 9.41, 7.08, 10.46, 9.48, 6.42, 4.23, 7.91, 10, 7.04, 10.55, 6.03, 7.73, 7.17, 10.6, 4.63, 6.28, 11.67, 10.82, 8.59, 5.11, 3.01, 7.33, 5.36, 7.12, 2.71, 9.97, 1.84, 11.45, 9.03, 7.22, 1.24, 12.33, 7.43, 5.21, 2.93, 2.32, 8.63, 4.9, 7.87, 3.49, 8.67, 5.63, 10.65, 9.37, 8.96, 4.72, 4.74, 11.07, 10.52, 0, 8.24, 7.93, 6.17, 3.83, 2.83, 5.5, 7.98, 3.93, 5.05, 8.98, 3.93, 10.95, 2.94, 8.04, 9.29, 10.64, 6.48, 2.51, 5.07, 8.41, 7.01, 8.71, 9.83, 11.34, 9.9, 8.64, 4.62, 9.67, 12.33, 7.24, 2.11, 8.21, 4.12, 9.31, 4.83, 10.42, 8.9, 6.31, 4.59, 9.31, 9.82, 5.16, 3.44, 7.51, 8.21, 5.52, 4.69, 8.77, 3.18, 3.06, 8.24, 0, 6.43, 4.03, 7.54, 6.87, 3.45, 4.72, 6.61, 6.98, 4.35, 9.92, 5.6, 5.31, 4.27, 7.72, 3.18, 6.01, 8.98, 7.81, 5.7, 2.9, 1.96, 4.86, 4.06, 4.69, 2.2, 6.98, 3.07, 11.09, 10.45, 5.82, 7.45, 8.66, 3.47, 8.71, 8.2, 7.7, 11.78, 8.21, 3.26, 7.74, 10.93, 7.6, 2.75, 2.7, 11.32, 3.75, 4.75, 9.28, 9.41, 7.93, 6.43, 0, 2.88, 4.49, 5.94, 4.09, 10.29, 9.39, 3.12, 2.84, 6.64, 7.87, 6.17, 3.22, 2.19, 6.02, 10.51, 6.69, 3.62, 2.15, 4.51, 7.41, 3.27, 6.14, 3.49, 7.94, 3.51, 8.58, 5.08, 9.75, 3.19, 5.86, 7.27, 5.29, 5.87, 7.42, 6.34, 8.91, 5.38, 5.34, 6.86, 8.09, 4.72, 5.05, 4.79, 8.48, 2.05, 4.96, 7.16, 7.08, 6.17, 4.03, 2.88, 0, 3.94, 4.25, 2.44, 7.43, 6.74, 3.06, 2.81, 6.43, 7.41, 3.73, 2.66, 4.41, 4.96, 7.65, 5.85, 3.89, 2.7, 2.79, 4.97, 3.67, 5.48, 3.73, 5.39, 3.15, 6.19, 7.95, 11.21, 6.53, 3.25, 11.16, 3.65, 6.95, 3.74, 3.31, 10.56, 6.46, 4.07, 3.25, 10.15, 6.52, 7.22, 5.66, 10.52, 2.86, 1.95, 10.72, 10.46, 3.83, 7.54, 4.49, 3.94, 0, 3.07, 4.1, 9.42, 6.67, 1.94, 6.37, 3.52, 11.3, 3.63, 5.4, 5.66, 8.9, 8.69, 3.1, 2.49, 5.24, 5.65, 8.35, 7.13, 9.38, 7.27, 8.58, 1.98, 9.54, 8.52, 9.27, 5.81, 2.28, 10.85, 5.81, 5.07, 3.56, 3.01, 8.69, 4.62, 6.2, 2.96, 8.44, 4.95, 8.65, 7.44, 8.79, 2.8, 3.41, 9.91, 9.48, 2.83, 6.87, 5.94, 4.25, 3.07, 0, 3.75, 7.71, 4.53, 3.17, 7.04, 3.48, 11.5, 2.62, 6.08, 7.33, 8.93, 6.71, 3.12, 3.38, 6.4, 5.34, 7.49, 7.88, 9.58, 7.97, 7.56, 2.75, 8.59, 10.47, 8.56, 3.47, 5.29, 7.18, 6.18, 4.65, 7.2, 5.88, 7.74, 4.16, 6.3, 6.61, 6.97, 3.52, 6.24, 6, 7.36, 2.47, 5.33, 6.63, 6.42, 5.5, 3.45, 4.09, 2.44, 4.1, 3.75, 0, 6.29, 5.58, 3.6, 3.73, 6.51, 7.76, 2.78, 2.92, 5.63, 5.19, 6.43, 5.68, 4.41, 3.9, 2.29, 4.29, 4.58, 5.85, 4.59, 4.6, 3.55, 5.51, 9.16, 2.52, 4.72, 8.3, 7.57, 12.35, 2.77, 10.84, 9.04, 2.24, 3.13, 10.36, 10.3, 1.47, 2.93, 11.95, 12.19, 2.2, 7.15, 10.8, 5.12, 4.23, 7.98, 4.72, 10.29, 7.43, 9.42, 7.71, 6.29, 0, 4.43, 9.54, 8.86, 11.19, 9.82, 5.88, 8.51, 11.77, 7.76, 3.06, 9.85, 10.22, 9.85, 5.94, 4.09, 9.48, 8.62, 9.35, 3.45, 9.33, 3.93, 12.66, 5.1, 5.87, 4.41, 10.57, 10.2, 2.77, 6.86, 5.09, 4.77, 2.88, 10.54, 6.4, 5.04, 3.19, 11.79, 11.2, 5.27, 5.65, 7.94, 8.66, 7.91, 3.93, 6.61, 9.39, 6.74, 6.67, 4.53, 5.58, 4.43, 0, 7.38, 9.23, 7.69, 12.19, 3.3, 8.49, 10.94, 9.67, 2.6, 6.25, 7.79, 9.43, 6.4, 6.64, 10.06, 10.51, 10.03, 6.3, 7.02, 7.23, 11.9, 11.55, 6.04, 4.51, 10.31, 2.87, 7.31, 5.09, 4.65, 10.82, 6.8, 3.17, 4.62, 10.26, 6.62, 5.85, 4.34, 10.64, 3.47, 2.73, 10.16, 10, 5.05, 6.98, 3.12, 3.06, 1.94, 3.17, 3.6, 9.54, 7.38, 0, 5.16, 3.65, 10.21, 4.13, 4.23, 4.3, 7.91, 9.12, 3.57, 1.66, 3.9, 4.97, 7.87, 5.88, 8.31, 6.04, 8.2, 0.87, 9.09, 7.31, 11.35, 4.14, 8.65, 5.85, 6.29, 8.01, 10.04, 9.1, 10.44, 7.58, 6.1, 9.5, 9.39, 6.66, 3.16, 4.19, 9.77, 4.27, 7.06, 6.75, 7.04, 8.98, 4.35, 2.84, 2.81, 6.37, 7.04, 3.73, 8.86, 9.23, 5.16, 0, 8.8, 5.12, 6.47, 1.95, 3.65, 3.2, 9.63, 8.46, 5.9, 2.53, 3.01, 5.28, 1.72, 3.32, 1.86, 5.9, 5.43, 6.32, 6.8, 10.47, 8.88, 3.35, 11.29, 4.53, 8.51, 2.71, 2.85, 12.12, 8.08, 5.05, 2.55, 11.92, 8.41, 9.26, 7.37, 12.25, 5.29, 2.72, 10.82, 10.55, 3.93, 9.92, 6.64, 6.43, 3.52, 3.48, 6.51, 11.19, 7.69, 3.65, 8.8, 0, 11.41, 5.33, 7.85, 7.52, 11.39, 10.07, 2.04, 3.02, 7.53, 8.1, 10.67, 9.53, 11.87, 9.69, 10.84, 3.38, 11.83, 9.78, 12.19, 6.35, 10.8, 2.67, 11.34, 10.42, 12.27, 11.28, 11.29, 10.18, 11.09, 11.8, 10.02, 9.03, 6.81, 8.76, 10.3, 8.76, 12.13, 5.21, 6.03, 10.95, 5.6, 7.87, 7.41, 11.3, 11.5, 7.76, 9.82, 12.19, 10.21, 5.12, 11.41, 0, 10.37, 5.99, 8.22, 2.61, 11.48, 10.97, 10.98, 6.8, 6.24, 5.83, 4.61, 2.72, 4.39, 6.41, 10.42, 5.96, 10.36, 7.58, 4.28, 2.92, 9.4, 6.99, 3.32, 5.29, 3.64, 6.95, 2.84, 7.29, 4.71, 6.62, 3.09, 8.69, 7.93, 6.97, 3.44, 5, 8.21, 7.73, 2.94, 5.31, 6.17, 3.73, 3.63, 2.62, 2.78, 5.88, 3.3, 4.13, 6.47, 5.33, 10.37, 0, 5.6, 7.69, 7.76, 5.07, 4.06, 4.63, 6.33, 4.14, 5.82, 7.33, 8.5, 7.36, 5.82, 3.8, 6.85, 11.1, 10.96, 3.83, 7.69, 6.44, 5.61, 7.4, 9.07, 8.14, 10.07, 6.94, 5.47, 8.53, 9.09, 6.1, 3.48, 3.95, 9.48, 3.33, 6.15, 7.01, 7.17, 8.04, 4.27, 3.22, 2.66, 5.4, 6.08, 2.92, 8.51, 8.49, 4.23, 1.95, 7.85, 5.99, 5.6, 0, 3.45, 3.85, 9.09, 7.49, 4.99, 2.02, 2.57, 5.25, 2.54, 4.13, 2.68, 5.82, 4.48, 6.38, 6.85, 11.7, 7.21, 8.78, 9.43, 3.54, 10.26, 9.23, 8.95, 10.99, 9.76, 3.13, 8.83, 12.39, 9.13, 2.61, 1.1, 10.58, 5.29, 5.59, 10.38, 10.6, 9.29, 7.72, 2.19, 4.41, 5.66, 7.33, 5.63, 11.77, 10.94, 4.3, 3.65, 7.52, 8.22, 7.69, 3.45, 0, 6.78, 12.05, 7.81, 4.6, 2.84, 5.9, 8.69, 3.73, 6.71, 3.98, 9.26, 4.73, 9.82, 3.54, 10.23, 3.8, 10.47, 2.65, 9.44, 7.97, 12.32, 11.06, 9.31, 7.69, 9.27, 11.74, 8.08, 6.56, 5.84, 7.33, 8.41, 6.24, 9.84, 4.07, 4.63, 10.64, 3.18, 6.02, 4.96, 8.9, 8.93, 5.19, 7.76, 9.67, 7.91, 3.2, 11.39, 2.61, 7.76, 3.85, 6.78, 0, 9.19, 10.77, 8.71, 4.99, 3.64, 3.66, 3.09, 1.76, 2.84, 4.32, 8.07, 4.21, 9.6, 2.58, 5.64, 6.9, 9.43, 11.99, 2.58, 9.41, 7.61, 3.07, 3.3, 12.25, 8.92, 2.62, 2.99, 10.39, 12.41, 2.77, 6.96, 10.04, 7.14, 6.28, 6.48, 6.01, 10.51, 7.65, 8.69, 6.71, 6.43, 3.06, 2.6, 9.12, 9.63, 10.07, 11.48, 5.07, 9.09, 12.05, 9.19, 0, 8.66, 9.68, 10.28, 6.63, 5.66, 10.37, 10.07, 10.28, 5.11, 8.83, 5.82, 12.9, 11.23, 7.92, 2.69, 10.64, 5.3, 7.14, 2.23, 2.12, 10.73, 6.73, 5.79, 2.11, 10.58, 7.15, 9.41, 7.76, 10.9, 4.53, 3.53, 12.07, 11.67, 2.51, 8.98, 6.69, 5.85, 3.1, 3.12, 5.68, 9.85, 6.25, 3.57, 8.46, 2.04, 10.97, 4.06, 7.49, 7.81, 10.77, 8.66, 0, 3.23, 7.43, 7.3, 9.66, 9.25, 11.33, 9.38, 9.76, 3.19, 10.77, 10.46, 12.15, 6.85, 4.48, 11.13, 3.43, 7.9, 4.64, 4.49, 11.46, 7.39, 2.83, 4.23, 10.94, 7.3, 6.27, 4.53, 11.32, 3.23, 2.34, 10.98, 10.82, 5.07, 7.81, 3.62, 3.89, 2.49, 3.38, 4.41, 10.22, 7.79, 1.66, 5.9, 3.02, 10.98, 4.63, 4.99, 4.6, 8.71, 9.68, 3.23, 0, 4.52, 5.8, 8.69, 6.58, 9.09, 6.75, 9, 1.8, 9.91, 7.3, 12.26, 5.22, 7.98, 7.64, 4.55, 8.53, 8.98, 8.31, 11.39, 8.05, 4.32, 8.48, 10.45, 7.32, 3.34, 2.52, 10.84, 3.9, 5.67, 8.4, 8.59, 8.41, 5.7, 2.15, 2.7, 5.24, 6.4, 3.9, 9.85, 9.43, 3.9, 2.53, 7.53, 6.8, 6.33, 2.02, 2.84, 4.99, 10.28, 7.43, 4.52, 0, 3.93, 6.68, 3.1, 5.08, 3.41, 7.25, 4.25, 7.81, 5.46, 8.4, 1.85, 6.85, 5.56, 7.26, 5.03, 8.81, 7.46, 7.5, 4.62, 7.28, 8.22, 6.53, 3.66, 6.02, 6.36, 6.92, 2.81, 6.81, 5.19, 5.11, 7.01, 2.9, 4.51, 2.79, 5.65, 5.34, 2.29, 5.94, 6.4, 4.97, 3.01, 8.1, 6.24, 4.14, 2.57, 5.9, 3.64, 6.63, 7.3, 5.8, 3.93, 0, 3, 3.76, 4.36, 3.69, 3.47, 5, 4.22, 9.38, 6.57, 2.6, 8.74, 3.93, 10.26, 4.75, 11.04, 9.45, 5.65, 4.61, 10.28, 10.45, 4.43, 3.47, 8.43, 9.19, 4.78, 5.51, 9.61, 3.41, 3.01, 8.71, 1.96, 7.41, 4.97, 8.35, 7.49, 4.29, 4.09, 6.64, 7.87, 5.28, 10.67, 5.83, 5.82, 5.25, 8.69, 3.66, 5.66, 9.66, 8.69, 6.68, 3, 0, 5.73, 4.53, 5.55, 1.35, 7.84, 2.45, 12.05, 11.99, 4.79, 9.5, 5.71, 6.73, 8.78, 10.83, 9.94, 11.07, 8.36, 6.48, 10.3, 9.98, 7.41, 2.81, 4.28, 10.35, 5.12, 7.75, 6.95, 7.33, 9.83, 4.86, 3.27, 3.67, 7.13, 7.88, 4.58, 9.48, 10.06, 5.88, 1.72, 9.53, 4.61, 7.33, 2.54, 3.73, 3.09, 10.37, 9.25, 6.58, 3.1, 3.76, 5.73, 0, 2.98, 0.6, 6.38, 6.17, 6.68, 6.56, 11.09, 4.65, 11.14, 2.86, 9.61, 8.84, 10.67, 11.71, 10.17, 8.55, 9.4, 12.33, 8.94, 7.42, 5.56, 7.26, 9.26, 6.83, 10.24, 4.72, 5.36, 11.34, 4.06, 6.14, 5.48, 9.38, 9.58, 5.85, 8.62, 10.51, 8.31, 3.32, 11.87, 2.72, 8.5, 4.13, 6.71, 1.76, 10.07, 11.33, 9.09, 5.08, 4.36, 4.53, 2.98, 0, 2.73, 5.18, 8.51, 5.01, 9.28, 11.86, 4.67, 9.58, 5.46, 6.96, 8.72, 10.96, 10.03, 10.94, 8.3, 6.71, 10.42, 9.83, 7.33, 3.04, 4.53, 10.2, 5.19, 7.92, 6.72, 7.12, 9.9, 4.69, 3.49, 3.73, 7.27, 7.97, 4.59, 9.35, 10.03, 6.04, 1.86, 9.69, 4.39, 7.36, 2.68, 3.98, 2.84, 10.28, 9.38, 6.75, 3.41, 3.69, 5.55, 0.6, 2.73, 0, 6.21, 6.32, 6.48, 6.8, 5.91, 3.11, 8.72, 4.35, 10.68, 4.36, 11.09, 9.45, 4.99, 4.29, 10.72, 10.5, 3.77, 3.2, 9.06, 9.75, 4.1, 5.79, 9.88, 3.45, 2.71, 8.64, 2.2, 7.94, 5.39, 8.58, 7.56, 4.6, 3.45, 6.3, 8.2, 5.9, 10.84, 6.41, 5.82, 5.82, 9.26, 4.32, 5.11, 9.76, 9, 7.25, 3.47, 1.35, 6.38, 5.18, 6.21, 0, 8.14, 2.07, 10.47, 11.28, 6, 4.07, 10.42, 3.19, 7.03, 4.73, 4.23, 10.58, 6.52, 3.52, 4.24, 10.05, 6.4, 6.25, 4.77, 10.43, 3.32, 2.56, 10.16, 9.97, 4.62, 6.98, 3.51, 3.15, 1.98, 2.75, 3.55, 9.33, 7.02, 0.87, 5.43, 3.38, 10.42, 3.8, 4.48, 4.73, 8.07, 8.83, 3.19, 1.8, 4.25, 5, 7.84, 6.17, 8.51, 6.32, 8.14, 0, 9.05, 7.73, 6.24, 3.06, 9.76, 3.64, 11.48, 5.28, 12.12, 10.48, 5.34, 5.25, 11.49, 11.53, 4.07, 4.19, 9.45, 10.33, 4.35, 6.72, 10.82, 2.03, 1.84, 9.67, 3.07, 8.58, 6.19, 9.54, 8.59, 5.51, 3.93, 7.23, 9.09, 6.32, 11.83, 5.96, 6.85, 6.38, 9.82, 4.21, 5.82, 10.77, 9.91, 7.81, 4.22, 2.45, 6.68, 5.01, 6.48, 2.07, 9.05, 0, 10.85, 14.63, 10.67, 11.77, 12.14, 5.25, 11.41, 11.67, 11.79, 13.92, 10.99, 4.73, 11.38, 13.16, 10.49, 3.76, 3.19, 13.49, 8.75, 7.99, 11.17, 11.45, 12.33, 11.09, 5.08, 7.95, 8.52, 10.47, 9.16, 12.66, 11.9, 7.31, 6.8, 9.78, 10.36, 11.1, 6.85, 3.54, 9.6, 12.9, 10.46, 7.3, 5.46, 9.38, 12.05, 6.56, 9.28, 6.8, 10.47, 7.73, 10.85, 0, 0, 7.87, 10.33, 10.69, 13.3, 4.65, 13.04, 11.09, 2.03, 5.2, 13.51, 12.53, 3.26, 5.51, 13.31, 13.42, 2.86, 10.11, 11.61, 7.88, 6.9, 9.85, 7.89, 11.66, 10.64, 12.23, 10.11, 9.34, 2.74, 5.57, 12.6, 12.38, 11.67, 13.3, 8.27, 11.95, 13.05, 11.16, 2.81, 12.25, 13.26, 13.38, 9.16, 7.17, 13.07, 12.1, 12.93, 6.45, 12.31, 6.8, 16.32, 7.87, 0, 7.82, 5.58, 9.25, 4.61, 10.21, 8.56, 6.87, 4.26, 9.3, 9.56, 5.75, 3.06, 7.9, 8.37, 6.17, 4.01, 8.48, 4.58, 4.33, 7.87, 2.3, 6.34, 3.48, 7.12, 6.34, 3.68, 5.15, 6.4, 6.58, 4.51, 9.69, 6.93, 4.67, 4.18, 7.86, 4.15, 6.16, 8.64, 7.47, 5.69, 1.97, 2.76, 5.22, 5.07, 5.1, 3.3, 6.55, 3.34, 11.64, 10.33, 7.82, 0, 13.38, 7.44, 6.03, 2.77, 1.64, 9.85, 5.65, 7.93, 3.04, 9.82, 6.33, 11.11, 9.64, 10.15, 4.8, 4.49, 12.14, 11.59, 1.35, 8.95, 8.13, 6.39, 3.55, 2.42, 5.77, 9.05, 4.81, 4.91, 9.44, 3.65, 12.05, 3.19, 8.39, 9.58, 11.42, 7.53, 2.86, 4.89, 8.71, 7.47, 9.53, 10.36, 12.15, 10.45, 9.51, 4.44, 10.64, 12.83, 10.69, 5.58, 13.38, 0, 13.14, 9.46, 13.26, 11.94, 9.74, 9.31, 12.98, 12.71, 8.35, 8.06, 9.16, 10.88, 8.61, 9.12, 13.33, 2.86, 3.81, 13.45, 4.49, 9.44, 7.93, 12.18, 11.83, 7.84, 8.26, 11.53, 11.24, 6.38, 12.59, 2.91, 10.25, 7.02, 10.28, 2.89, 10.29, 11.87, 12.14, 8.33, 6.07, 4.29, 6.23, 3.12, 5.96, 4.75, 11.37, 3.97, 13.24, 13.3, 9.25, 7.44, 13.14, 0, 11.11, 7.01, 7.33, 12.61, 10.55, 1.15, 6.72, 12.04, 10.3, 5.88, 3.49, 12.4, 5.67, 3.05, 13.5, 13.48, 8.1, 10.15, 3.79, 5.77, 3.98, 6.33, 6.74, 13.47, 11.13, 3.13, 6.86, 4.94, 12.37, 7.62, 6.11, 3.86, 10.3, 13.08, 5.78, 3.65, 4.96, 7.92, 11.19, 7.34, 10.48, 7.59, 11.65, 3.48, 12.52, 5.73, 4.65, 4.61, 6.03, 9.46, 11.11, 0, 8.81, 6.84, 3.96, 1.12, 11.38, 8.23, 3.79, 2.14, 11.82, 11.57, 4.12, 5.6, 9.08, 7.31, 6.49, 5.68, 5.27, 9.5, 6.4, 7.58, 5.53, 5.07, 3.02, 2.94, 7.98, 8.74, 9.28, 11.37, 3.62, 8.07, 11.19, 8.69, 2.74, 7.79, 8.61, 9.31, 5.48, 5.18, 9.58, 9.64, 9.51, 4.76, 7.67, 5.76, 12.72, 13.04, 10.21, 2.77, 13.26, 7.01, 8.81, 0, 2.7, 12.6, 8.42, 7.57, 1.3, 12.59, 9.05, 11.89, 9.97, 12.92, 6.64, 4.04, 12.42, 12.01, 3.2, 11.36, 8.94, 8.1, 4.08, 3.88, 7.85, 11.82, 7.48, 5.55, 10.96, 2.88, 13.69, 5.77, 9.89, 10.07, 13.44, 10.26, 2.37, 5.06, 9.79, 9.61, 12.05, 11.81, 11.91, 11.96, 12.1, 5.15, 13.22, 12.73, 11.09, 8.56, 1.64, 11.94, 7.33, 6.84, 2.7, 0, 10.64, 6.47, 7.85, 1.98, 10.63, 7.15, 11.39, 9.78, 10.96, 5.35, 4.3, 12.92, 12.38, 2.53, 9.7, 8.4, 6.92, 3.61, 3.2, 6.41, 9.86, 5.55, 5.07, 9.93, 3.11, 12.58, 3.97, 8.87, 9.76, 12.07, 8.3, 2.25, 4.9, 9.06, 8.14, 10.31, 10.84, 12.77, 10.94, 10.31, 4.61, 11.43, 12.86, 2.03, 6.87, 9.85, 9.74, 12.61, 3.96, 12.6, 10.64, 0, 4.48, 12.81, 12.06, 1.92, 4.64, 12.48, 12.64, 2.36, 9.27, 13.02, 6.96, 5.98, 9.41, 6.88, 12.85, 9.72, 11.52, 9.48, 8.44, 2.39, 5.21, 11.81, 11.39, 13.22, 12.32, 7.58, 10.98, 12.26, 10.15, 3.26, 11.71, 12.5, 12.42, 8.18, 6.16, 12.07, 11.09, 11.93, 5.44, 11.54, 5.83, 15.52, 5.2, 4.26, 5.65, 9.31, 10.55, 1.12, 8.42, 6.47, 4.48, 0, 10.82, 7.83, 4.2, 2.52, 11.31, 11.02, 4.56, 5.04, 8.55, 7.29, 6.52, 5.34, 5.01, 8.96, 5.86, 7.05, 5.04, 4.53, 3.41, 3.06, 7.42, 8.27, 8.81, 11.11, 3.1, 7.57, 10.65, 8.39, 3.51, 7.34, 8.06, 8.78, 5.04, 5.03, 9.12, 9.32, 9.06, 4.67, 7.12, 5.72, 12.26, 13.51, 9.3, 7.93, 12.98, 1.15, 11.38, 7.57, 7.85, 12.81, 10.82, 0, 7.28, 12.2, 10.51, 5.42, 3, 12.56, 5.87, 3.59, 13.46, 13.48, 8.59, 10.16, 3.55, 5.82, 4.43, 6.76, 6.87, 11.56, 11.5, 3.45, 6.65, 5.51, 12.1, 7.95, 5.96, 3.42, 10.12, 13.36, 6.32, 3.09, 4.71, 7.94, 11.21, 7.06, 10.25, 7.32, 11.7, 3.84, 12.53, 5.15, 12.53, 9.56, 3.04, 12.71, 6.72, 8.23, 1.3, 1.98, 12.06, 7.83, 7.28, 0, 12.02, 8.44, 11.4, 9.56, 12.35, 6, 3.7, 11.87, 13.55, 3.71, 10.71, 8.44, 7.48, 3.55, 3.23, 7.21, 11.24, 6.98, 5.04, 10.36, 2.71, 13.16, 5.14, 9.3, 9.63, 12.81, 9.73, 2.3, 4.62, 9.25, 8.97, 11.4, 11.23, 13.45, 11.37, 11.46, 4.62, 12.58, 12.41, 3.26, 5.75, 9.82, 8.35, 12.04, 3.79, 12.59, 10.63, 1.92, 4.2, 12.2, 12.02, 0, 3.98, 11.55, 11.84, 0.86, 8.57, 12.58, 5.58, 4.6, 9.46, 5.62, 11.92, 8.82, 11.07, 9.21, 7.6, 1.6, 5.5, 11.19, 10.24, 13, 10.93, 7.22, 9.91, 13.52, 8.81, 2.86, 11.54, 11.94, 11.4, 7.12, 4.84, 10.88, 9.75, 10.72, 4.11, 10.96, 4.43, 14.68, 5.51, 3.06, 6.33, 8.06, 10.3, 2.14, 9.05, 7.15, 4.64, 2.52, 10.51, 8.44, 3.98, 0, 10.44, 10.37, 4.39, 4.64, 8.62, 6.13, 5.42, 6.14, 3.75, 8.29, 5.15, 7.11, 5.4, 3.84, 3.19, 3.48, 7.22, 7.26, 9.17, 9.85, 3.37, 6.66, 9.96, 7.15, 3.26, 7.79, 7.96, 7.98, 3.99, 3.79, 8.08, 8.09, 8, 3.49, 6.98, 4.57, 11.7, 13.31, 7.9, 11.11, 9.16, 5.88, 11.82, 11.89, 11.39, 12.48, 11.31, 5.42, 11.4, 11.55, 10.44, 0, 3.36, 11.9, 6.82, 8, 10.64, 11.04, 11.62, 8.19, 2.99, 5.51, 7.88, 9.44, 6.81, 13.04, 12.86, 6.38, 3.45, 10.1, 7.43, 9.47, 3.79, 2.77, 6.37, 11.59, 10.27, 6.84, 3.55, 6.57, 9.2, 3.06, 6.06, 3.31, 9.89, 6.82, 10.3, 4.1, 13.42, 8.37, 9.64, 10.88, 3.49, 11.57, 9.97, 9.78, 12.64, 11.02, 3, 9.56, 11.84, 10.37, 3.36, 0, 12.2, 6.07, 5.95, 11.9, 12.13, 10.22, 8.96, 2.87, 5.23, 6.17, 8.12, 6.54, 13.3, 12.22, 4.73, 4.57, 8.04, 9.55, 8.65, 4.31, 1.2, 7.99, 13.53, 8.47, 4.94, 2.75, 6.94, 10.03, 4.67, 7.91, 4.94, 10.64, 5.2, 11.27, 3.48, 2.86, 6.17, 10.15, 8.61, 12.4, 4.12, 12.92, 10.96, 2.36, 4.56, 12.56, 12.35, 0.86, 4.39, 11.9, 12.2, 0, 8.99, 12.98, 5.81, 4.83, 9.77, 6.02, 12.35, 9.25, 11.47, 9.58, 8.03, 2.4, 5.74, 11.61, 10.66, 13.37, 11.24, 7.6, 10.34, 11.8, 9.17, 3.02, 11.89, 12.35, 11.83, 7.55, 5.21, 11.29, 10.1, 11.13, 4.48, 11.38, 4.74, 15.04, 10.11, 4.01, 4.8, 9.12, 5.67, 5.6, 6.64, 5.35, 9.27, 5.04, 5.87, 6, 8.57, 4.64, 6.82, 6.07, 8.99, 0, 4.48, 8.58, 8.33, 5.14, 5.11, 4.09, 2.18, 3.12, 3.05, 2.69, 7.8, 6.16, 3.69, 4.65, 5.77, 9.56, 3.66, 3.63, 5.77, 6.81, 7.59, 4.94, 3.52, 4.25, 3.07, 6.01, 5.58, 7.45, 5.66, 6.32, 3.53, 7.33, 9.55, 11.61, 8.48, 4.49, 13.33, 3.05, 9.08, 4.04, 4.3, 13.02, 8.55, 3.59, 3.7, 12.58, 8.62, 8, 5.95, 12.98, 4.48, 0, 13.04, 12.8, 5.17, 9.57, 5.18, 5.41, 2.07, 3.72, 5.81, 11.78, 8.66, 2.9, 7.7, 2.9, 13.24, 5.45, 6.7, 6.1, 10.73, 10.96, 3.75, 2.55, 6.19, 7.43, 10.49, 8.45, 11.17, 8.64, 10.78, 2.72, 11.8, 8.71, 7.88, 4.58, 12.14, 2.86, 13.5, 7.31, 12.42, 12.92, 6.96, 7.29, 13.46, 11.87, 5.58, 6.13, 10.64, 11.9, 5.81, 8.58, 13.04, 0, 1.97, 12.08, 3.47, 10.12, 7.81, 11.69, 10.81, 7.24, 5.59, 9.44, 11.08, 7.37, 12.07, 5.68, 8.96, 7.64, 11.32, 4.44, 7.78, 13.17, 11.98, 9.16, 5.66, 3.62, 7.58, 5.15, 7.33, 3.66, 11.08, 2.15, 12.46, 6.9, 4.33, 11.59, 3.81, 13.48, 6.49, 12.01, 12.38, 5.98, 6.52, 13.48, 13.55, 4.6, 5.42, 11.04, 12.13, 4.83, 8.33, 12.8, 1.97, 0, 11.48, 3.33, 10.26, 7.72, 11.41, 10.34, 7, 4.62, 8.63, 10.91, 7.67, 11.76, 6.57, 8.43, 7.82, 11.56, 5.05, 6.85, 12.73, 11.8, 9.37, 5.57, 3.2, 7.99, 5.85, 7.76, 2.88, 10.87, 2, 12.77, 9.85, 7.87, 1.35, 13.45, 8.1, 5.68, 3.2, 2.53, 9.41, 5.34, 8.59, 3.71, 9.46, 6.14, 11.62, 10.22, 9.77, 5.14, 5.17, 12.08, 11.48, 0, 8.99, 8.65, 6.73, 4.18, 3.01, 6, 8.7, 4.29, 5.51, 9.8, 4.28, 12.22, 3.2, 8.77, 10.13, 11.61, 7.07, 2.73, 5.53, 9.17, 7.64, 9.5, 10.73, 12.37, 10.8, 9.43, 5.03, 10.55, 13.45, 7.89, 2.3, 8.95, 4.49, 10.15, 5.27, 11.36, 9.7, 6.88, 5.01, 10.16, 10.71, 5.62, 3.75, 8.19, 8.96, 6.02, 5.11, 9.57, 3.47, 3.33, 8.99, 0, 7.01, 4.39, 8.23, 7.49, 3.77, 5.15, 7.21, 7.62, 4.74, 10.82, 6.1, 5.79, 4.66, 8.42, 3.47, 6.56, 9.79, 8.52, 6.22, 3.08, 2.14, 5.3, 4.43, 5.12, 2.34, 7.61, 3.27, 12.1, 11.66, 6.34, 8.13, 9.44, 3.79, 9.5, 8.94, 8.4, 12.85, 8.96, 3.55, 8.44, 11.92, 8.29, 2.99, 2.87, 12.35, 4.09, 5.18, 10.12, 10.26, 8.65, 7.01, 0, 3.14, 4.9, 6.48, 4.46, 11.22, 10.25, 3.4, 3.1, 7.25, 8.59, 6.73, 3.42, 2.33, 6.57, 11.46, 7.3, 3.95, 2.35, 4.91, 8.08, 3.56, 6.7, 3.8, 8.66, 3.83, 9.36, 5.54, 10.64, 3.48, 6.39, 7.93, 5.77, 6.4, 8.1, 6.92, 9.72, 5.86, 5.82, 7.48, 8.82, 5.15, 5.51, 5.23, 9.25, 2.18, 5.41, 7.81, 7.72, 6.73, 4.39, 3.14, 0, 4.29, 4.63, 2.66, 8.11, 7.35, 3.34, 3.07, 7.01, 8.09, 4.07, 2.83, 4.81, 5.41, 8.34, 6.38, 4.24, 2.94, 2.96, 5.42, 4, 5.98, 4.07, 5.88, 3.44, 6