Instance
HEVTSP 1 20 1 TW 4

Customers
20

Service Time (same as Distance for all Modes: combustion, combustion+charging, electric, combustion+electric) (Depot, 1, ..., N, Depot)
0, 3, 3, 2, 3, 4, 7, 5, 3, 4, 4, 5, 3, 3, 2, 3, 2, 1, 3, 6, 1, 0

Initial Charging
0

Max Charging (in Watt/h)
16800

Charging Rate (in Watt/h)
12000

Discharging Rate (in Watt/h)
48000

Coordinates (Used for GUI, not necessarily related to Distances, Time, Costs)
0, 0, 1630, 2380, 3760, 460, 270, 3910, 4980, 2900, 1560, 690, 4770, 340, 4050, 380, 150, 340, 1720, 820, 4960, 3110, 4570, 470, 180, 850, 1580, 1260, 3570, 4530, 4260, 3960, 50, 760, 3070, 2080, 4690, 1820, 30, 2890, 5000, 5000

Distances (Depot-Depot, Depot-1, Depot-..., Depot-N, 1-Depot, 1-1, ..., M-N)
0, 2885, 3788, 3919, 5763, 1706, 4782, 4068, 372, 1905, 5854, 4594, 869, 2021, 5768, 5816, 762, 3708, 5031, 2890, 7071, 2885, 0, 2868, 2047, 3390, 1691, 3744, 3139, 2520, 1563, 3409, 3506, 2108, 1121, 2896, 3068, 2263, 1471, 3111, 1679, 4269, 3788, 2868, 0, 4907, 2728, 2212, 1017, 301, 3612, 2072, 2909, 810, 3601, 2322, 4074, 3536, 3722, 1761, 1648, 4452, 4706, 3919, 2047, 4907, 0, 4817, 3469, 5744, 5172, 3572, 3413, 4758, 5507, 3061, 2956, 3358, 3990, 3158, 3345, 4889, 1048, 4854, 5763, 3390, 2728, 4817, 0, 4072, 2569, 2686, 5466, 3867, 211, 2464, 5219, 3775, 2155, 1281, 5374, 2079, 1118, 4950, 2100, 1706, 1691, 2212, 3469, 4072, 0, 3229, 2509, 1453, 206, 4173, 3018, 1389, 570, 4334, 4241, 1512, 2052, 3328, 2680, 5514, 4782, 3744, 1017, 5744, 2569, 3229, 0, 721, 4620, 3088, 2777, 239, 4618, 3320, 4358, 3656, 4739, 2433, 1482, 5382, 4666, 4068, 3139, 301, 5172, 2686, 2509, 721, 0, 3900, 2371, 2878, 528, 3898, 2622, 4178, 3586, 4018, 1962, 1576, 4739, 4717, 372, 2520, 3612, 3572, 5466, 1453, 4620, 3900, 0, 1642, 5551, 4422, 511, 1700, 5409, 5477, 432, 3399, 4775, 2553, 6726, 1905, 1563, 2072, 3413, 3867, 206, 3088, 2371, 1642, 0, 3968, 2871, 1540, 462, 4146, 4039, 1671, 1847, 3134, 2672, 5313, 5854, 3409, 2909, 4758, 211, 4173, 2777, 2878, 5551, 3968, 0, 2669, 5287, 3853, 1987, 1101, 5443, 2152, 1318, 4935, 1890, 4594, 3506, 810, 5507, 2464, 3018, 239, 528, 4422, 2871, 2669, 0, 4406, 3093, 4181, 3504, 4529, 2200, 1355, 5145, 4550, 869, 2108, 3601, 3061, 5219, 1389, 4618, 3898, 511, 1540, 5287, 4406, 0, 1459, 5003, 5130, 158, 3141, 4613, 2046, 6360, 2021, 1121, 2322, 2956, 3775, 570, 3320, 2622, 1700, 462, 3853, 3093, 1459, 0, 3828, 3804, 1610, 1701, 3160, 2249, 5068, 5768, 2896, 4074, 3358, 2155, 4334, 4358, 4178, 5409, 4146, 1987, 4181, 5003, 3828, 0, 895, 5158, 2500, 2932, 3901, 1505, 5816, 3068, 3536, 3990, 1281, 4241, 3656, 3586, 5477, 4039, 1101, 3504, 5130, 3804, 895, 0, 5288, 2225, 2183, 4363, 1276, 762, 2263, 3722, 3158, 5374, 1512, 4739, 4018, 432, 1671, 5443, 4529, 158, 1610, 5158, 5288, 0, 3296, 4760, 2130, 6518, 3708, 1471, 1761, 3345, 2079, 2052, 2433, 1962, 3399, 1847, 2152, 2200, 3141, 1701, 2500, 2225, 3296, 0, 1641, 3146, 3500, 5031, 3111, 1648, 4889, 1118, 3328, 1482, 1576, 4775, 3134, 1318, 1355, 4613, 3160, 2932, 2183, 4760, 1641, 0, 4781, 3195, 2890, 1679, 4452, 1048, 4950, 2680, 5382, 4739, 2553, 2672, 4935, 5145, 2046, 2249, 3901, 4363, 2130, 3146, 4781, 0, 5399, 7071, 4269, 4706, 4854, 2100, 5514, 4666, 4717, 6726, 5313, 1890, 4550, 6360, 5068, 1505, 1276, 6518, 3500, 3195, 5399, 0

Time (same as Distance for all Modes: combustion, combustion+charging, electric, combustion+electric)
0, 7.21, 9.47, 9.8, 11.92, 4.27, 11.96, 10.17, 1.86, 4.76, 12.11, 11.49, 3.07, 5.05, 11.93, 12.03, 2.69, 9.27, 10.41, 7.23, 14.63, 7.21, 0, 7.17, 5.12, 8.48, 4.23, 9.36, 7.85, 6.3, 3.91, 8.52, 8.77, 5.27, 2.8, 7.24, 7.67, 5.66, 3.68, 7.78, 4.2, 10.67, 9.47, 7.17, 0, 12.27, 6.82, 5.53, 2.54, 1.51, 9.03, 5.18, 7.27, 2.86, 9, 5.81, 10.19, 8.84, 9.31, 4.4, 4.12, 11.13, 11.77, 9.8, 5.12, 12.27, 0, 12.04, 8.67, 11.88, 10.7, 8.93, 8.53, 11.9, 11.39, 7.65, 7.39, 8.4, 9.98, 7.9, 8.36, 12.22, 2.62, 12.14, 11.92, 8.48, 6.82, 12.04, 0, 10.18, 6.42, 6.72, 11.31, 9.67, 1.06, 6.16, 10.8, 9.44, 5.39, 3.2, 11.12, 5.2, 2.8, 12.38, 5.25, 4.27, 4.23, 5.53, 8.67, 10.18, 0, 8.07, 6.27, 3.63, 1.03, 10.43, 7.55, 3.47, 2.01, 10.84, 10.6, 3.78, 5.13, 8.32, 6.7, 11.41, 11.96, 9.36, 2.54, 11.88, 6.42, 8.07, 0, 2.54, 11.55, 7.72, 6.94, 1.2, 11.55, 8.3, 10.9, 9.14, 11.85, 6.08, 3.71, 11.14, 11.67, 10.17, 7.85, 1.51, 10.7, 6.72, 6.27, 2.54, 0, 9.75, 5.93, 7.2, 1.86, 9.75, 6.56, 10.45, 8.97, 10.05, 4.91, 3.94, 11.85, 11.79, 1.86, 6.3, 9.03, 8.93, 11.31, 3.63, 11.55, 9.75, 0, 4.11, 11.48, 11.06, 1.8, 4.25, 11.19, 11.33, 2.16, 8.5, 11.94, 6.38, 13.92, 4.76, 3.91, 5.18, 8.53, 9.67, 1.03, 7.72, 5.93, 4.11, 0, 9.92, 7.18, 3.85, 2.31, 10.37, 10.1, 4.18, 4.62, 7.84, 6.68, 10.99, 12.11, 8.52, 7.27, 11.9, 1.06, 10.43, 6.94, 7.2, 11.48, 9.92, 0, 6.67, 10.94, 9.63, 4.97, 2.75, 11.26, 5.38, 3.3, 12.34, 4.73, 11.49, 8.77, 2.86, 11.39, 6.16, 7.55, 1.2, 1.86, 11.06, 7.18, 6.67, 0, 11.02, 7.73, 10.45, 8.76, 11.32, 5.5, 3.39, 10.64, 11.38, 3.07, 5.27, 9, 7.65, 10.8, 3.47, 11.55, 9.75, 1.8, 3.85, 10.94, 11.02, 0, 3.65, 10.35, 10.61, 0.79, 7.85, 11.53, 5.12, 13.16, 5.05, 2.8, 5.81, 7.39, 9.44, 2.01, 8.3, 6.56, 4.25, 2.31, 9.63, 7.73, 3.65, 0, 9.57, 9.51, 4.03, 4.25, 7.9, 5.62, 10.49, 11.93, 7.24, 10.19, 8.4, 5.39, 10.84, 10.9, 10.45, 11.19, 10.37, 4.97, 10.45, 10.35, 9.57, 0, 3.16, 10.67, 6.25, 7.33, 9.75, 3.76, 12.03, 7.67, 8.84, 9.98, 3.2, 10.6, 9.14, 8.97, 11.33, 10.1, 2.75, 8.76, 10.61, 9.51, 3.16, 0, 10.94, 5.56, 5.46, 10.91, 3.19, 2.69, 5.66, 9.31, 7.9, 11.12, 3.78, 11.85, 10.05, 2.16, 4.18, 11.26, 11.32, 0.79, 4.03, 10.67, 10.94, 0, 8.24, 11.9, 5.33, 13.49, 9.27, 3.68, 4.4, 8.36, 5.2, 5.13, 6.08, 4.91, 8.5, 4.62, 5.38, 5.5, 7.85, 4.25, 6.25, 5.56, 8.24, 0, 4.1, 7.87, 8.75, 10.41, 7.78, 4.12, 12.22, 2.8, 8.32, 3.71, 3.94, 11.94, 7.84, 3.3, 3.39, 11.53, 7.9, 7.33, 5.46, 11.9, 4.1, 0, 11.95, 7.99, 7.23, 4.2, 11.13, 2.62, 12.38, 6.7, 11.14, 11.85, 6.38, 6.68, 12.34, 10.64, 5.12, 5.62, 9.75, 10.91, 5.33, 7.87, 11.95, 0, 11.17, 14.63, 10.67, 11.77, 12.14, 5.25, 11.41, 11.67, 11.79, 13.92, 10.99, 4.73, 11.38, 13.16, 10.49, 3.76, 3.19, 13.49, 8.75, 7.99, 11.17, 0, 0, 7.87, 10.33, 10.69, 13.3, 4.65, 13.04, 11.09, 2.03, 5.2, 13.51, 12.53, 3.26, 5.51, 13.31, 13.42, 2.86, 10.11, 11.61, 7.88, 16.32, 7.87, 0, 7.82, 5.58, 9.25, 4.61, 10.21, 8.56, 6.87, 4.26, 9.3, 9.56, 5.75, 3.06, 7.9, 8.37, 6.17, 4.01, 8.48, 4.58, 11.64, 10.33, 7.82, 0, 13.38, 7.44, 6.03, 2.77, 1.64, 9.85, 5.65, 7.93, 3.04, 9.82, 6.33, 11.11, 9.64, 10.15, 4.8, 4.49, 12.14, 12.83, 10.69, 5.58, 13.38, 0, 13.14, 9.46, 13.26, 11.94, 9.74, 9.31, 12.98, 12.71, 8.35, 8.06, 9.16, 10.88, 8.61, 9.12, 13.33, 2.86, 13.24, 13.3, 9.25, 7.44, 13.14, 0, 11.11, 7.01, 7.33, 12.61, 10.55, 1.15, 6.72, 12.04, 10.3, 5.88, 3.49, 12.4, 5.67, 3.05, 13.5, 5.73, 4.65, 4.61, 6.03, 9.46, 11.11, 0, 8.81, 6.84, 3.96, 1.12, 11.38, 8.23, 3.79, 2.14, 11.82, 11.57, 4.12, 5.6, 9.08, 7.31, 12.72, 13.04, 10.21, 2.77, 13.26, 7.01, 8.81, 0, 2.7, 12.6, 8.42, 7.57, 1.3, 12.59, 9.05, 11.89, 9.97, 12.92, 6.64, 4.04, 12.42, 12.73, 11.09, 8.56, 1.64, 11.94, 7.33, 6.84, 2.7, 0, 10.64, 6.47, 7.85, 1.98, 10.63, 7.15, 11.39, 9.78, 10.96, 5.35, 4.3, 12.92, 12.86, 2.03, 6.87, 9.85, 9.74, 12.61, 3.96, 12.6, 10.64, 0, 4.48, 12.81, 12.06, 1.92, 4.64, 12.48, 12.64, 2.36, 9.27, 13.02, 6.96, 15.52, 5.2, 4.26, 5.65, 9.31, 10.55, 1.12, 8.42, 6.47, 4.48, 0, 10.82, 7.83, 4.2, 2.52, 11.31, 11.02, 4.56, 5.04, 8.55, 7.29, 12.26, 13.51, 9.3, 7.93, 12.98, 1.15, 11.38, 7.57, 7.85, 12.81, 10.82, 0, 7.28, 12.2, 10.51, 5.42, 3, 12.56, 5.87, 3.59, 13.46, 5.15, 12.53, 9.56, 3.04, 12.71, 6.72, 8.23, 1.3, 1.98, 12.06, 7.83, 7.28, 0, 12.02, 8.44, 11.4, 9.56, 12.35, 6, 3.7, 11.87, 12.41, 3.26, 5.75, 9.82, 8.35, 12.04, 3.79, 12.59, 10.63, 1.92, 4.2, 12.2, 12.02, 0, 3.98, 11.55, 11.84, 0.86, 8.57, 12.58, 5.58, 14.68, 5.51, 3.06, 6.33, 8.06, 10.3, 2.14, 9.05, 7.15, 4.64, 2.52, 10.51, 8.44, 3.98, 0, 10.44, 10.37, 4.39, 4.64, 8.62, 6.13, 11.7, 13.31, 7.9, 11.11, 9.16, 5.88, 11.82, 11.89, 11.39, 12.48, 11.31, 5.42, 11.4, 11.55, 10.44, 0, 3.36, 11.9, 6.82, 8, 10.64, 4.1, 13.42, 8.37, 9.64, 10.88, 3.49, 11.57, 9.97, 9.78, 12.64, 11.02, 3, 9.56, 11.84, 10.37, 3.36, 0, 12.2, 6.07, 5.95, 11.9, 3.48, 2.86, 6.17, 10.15, 8.61, 12.4, 4.12, 12.92, 10.96, 2.36, 4.56, 12.56, 12.35, 0.86, 4.39, 11.9, 12.2, 0, 8.99, 12.98, 5.81, 15.04, 10.11, 4.01, 4.8, 9.12, 5.67, 5.6, 6.64, 5.35, 9.27, 5.04, 5.87, 6, 8.57, 4.64, 6.82, 6.07, 8.99, 0, 4.48, 8.58, 9.55, 11.61, 8.48, 4.49, 13.33, 3.05, 9.08, 4.04, 4.3, 13.02, 8.55, 3.59, 3.7, 12.58, 8.62, 8, 5.95, 12.98, 4.48, 0, 13.04, 8.71, 7.88, 4.58, 12.14, 2.86, 13.5, 7.31, 12.42, 12.92, 6.96, 7.29, 13.46, 11.87, 5.58, 6.13, 10.64, 11.9, 5.81, 8.58, 13.04, 0, 12.46, 16.32, 11.64, 12.83, 13.24, 5.73, 12.72, 12.73, 12.86, 15.52, 12.26, 5.15, 12.41, 14.68, 11.7, 4.1, 3.48, 15.04, 9.55, 8.71, 12.46, 0, 0, 8.66, 11.36, 11.76, 15.03, 5.12, 14.35, 12.2, 2.23, 5.72, 15.27, 13.78, 3.48, 6.06, 15.05, 15.17, 3.05, 11.12, 13.12, 8.67, 18.45, 8.66, 0, 8.6, 6.14, 10.17, 5.07, 11.23, 9.42, 7.56, 4.69, 10.23, 10.52, 6.32, 3.36, 8.69, 9.2, 6.79, 4.41, 9.33, 5.04, 12.81, 11.36, 8.6, 0, 14.72, 8.18, 6.64, 3.05, 1.81, 10.84, 6.22, 8.73, 3.24, 10.8, 6.97, 12.22, 10.61, 11.17, 5.28, 4.94, 13.36, 14.12, 11.76, 6.14, 14.72, 0, 14.45, 10.41, 14.98, 13.49, 10.72, 10.24, 14.27, 14.37, 9.18, 8.87, 10.07, 11.97, 9.47, 10.04, 14.67, 3.14, 14.56, 15.03, 10.17, 8.18, 14.45, 0, 12.22, 7.71, 8.06, 14.26, 11.6, 1.27, 7.39, 13.61, 11.33, 6.47, 3.84, 14.02, 6.24, 3.35, 14.85, 6.3, 5.12, 5.07, 6.64, 10.41, 12.22, 0, 9.69, 7.53, 4.36, 1.24, 12.52, 9.05, 4.17, 2.28, 13, 12.72, 4.54, 6.16, 9.98, 8.04, 14.38, 14.35, 11.23, 3.05, 14.98, 7.71, 9.69, 0, 2.88, 13.86, 9.26, 8.33, 1.43, 13.85, 9.96, 13.07, 10.97, 14.22, 7.3, 4.45, 14.04, 14, 12.2, 9.42, 1.81, 13.49, 8.06, 7.53, 2.88, 0, 11.7, 7.11, 8.63, 2.11, 11.69, 7.87, 12.53, 10.76, 12.05, 5.89, 4.73, 14.22, 14.15, 2.23, 7.56, 10.84, 10.72, 14.26, 4.36, 13.86, 11.7, 0, 4.93, 14.48, 13.27, 2.04, 5.1, 14.11, 14.29, 2.59, 10.2, 14.33, 7.66, 17.55, 5.72, 4.69, 6.22, 10.24, 11.6, 1.24, 9.26, 7.11, 4.93, 0, 11.9, 8.61, 4.62, 2.77, 12.44, 12.12, 5.01, 5.54, 9.4, 8.02, 13.86, 15.27, 10.23, 8.73, 14.27, 1.27, 12.52, 8.33, 8.63, 14.48, 11.9, 0, 8.01, 13.79, 11.56, 5.96, 3.3, 14.2, 6.46, 3.95, 14.81, 5.67, 13.78, 10.52, 3.24, 14.37, 7.39, 9.05, 1.43, 2.11, 13.27, 8.61, 8.01, 0, 13.22, 9.28, 12.54, 10.51, 13.59, 6.6, 4.07, 13.42, 13.65, 3.48, 6.32, 10.8, 9.18, 13.61, 4.17, 13.85, 11.69, 2.04, 4.62, 13.79, 13.22, 0, 4.38, 13.05, 13.38, 0.95, 9.42, 13.84, 6.14, 16.59, 6.06, 3.36, 6.97, 8.87, 11.33, 2.28, 9.96, 7.87, 5.1, 2.77, 11.56, 9.28, 4.38, 0, 11.48, 11.41, 4.83, 5.1, 9.48, 6.75, 13.22, 15.05, 8.69, 12.22, 10.07, 6.47, 13, 13.07, 12.53, 14.11, 12.44, 5.96, 12.54, 13.05, 11.48, 0, 3.58, 13.46, 7.5, 8.8, 11.7, 4.52, 15.17, 9.2, 10.61, 11.97, 3.84, 12.72, 10.97, 10.76, 14.29, 12.12, 3.3, 10.51, 13.38, 11.41, 3.58, 0, 13.79, 6.68, 6.55, 13.09, 3.83, 3.05, 6.79, 11.17, 9.47, 14.02, 4.54, 14.22, 12.05, 2.59, 5.01, 14.2, 13.59, 0.95, 4.83, 13.46, 13.79, 0, 9.89, 14.28, 6.39, 17, 11.12, 4.41, 5.28, 10.04, 6.24, 6.16, 7.3, 5.89, 10.2, 5.54, 6.46, 6.6, 9.42, 5.1, 7.5, 6.68, 9.89, 0, 4.92, 9.44, 10.5, 13.12, 9.33, 4.94, 14.67, 3.35, 9.98, 4.45, 4.73, 14.33, 9.4, 3.95, 4.07, 13.84, 9.48, 8.8, 6.55, 14.28, 4.92, 0, 14.34, 9.59, 8.67, 5.04, 13.36, 3.14, 14.85, 8.04, 14.04, 14.22, 7.66, 8.02, 14.81, 13.42, 6.14, 6.75, 11.7, 13.09, 6.39, 9.44, 14.34, 0, 14.08, 18.45, 12.81, 14.12, 14.56, 6.3, 14.38, 14, 14.15, 17.55, 13.86, 5.67, 13.65, 16.59, 13.22, 4.52, 3.83, 17, 10.5, 9.59, 14.08, 0, 0, 6.66, 8.74, 9.04, 10.17, 3.94, 11.04, 9.39, 1.72, 4.4, 10.33, 10.6, 2.9, 4.66, 10.18, 10.26, 2.54, 8.56, 8.88, 6.67, 12.48, 6.66, 0, 6.62, 4.72, 7.82, 3.9, 8.64, 7.24, 5.82, 3.61, 7.87, 8.09, 4.86, 2.59, 6.68, 7.08, 5.22, 3.39, 7.18, 3.87, 9.85, 8.74, 6.62, 0, 11.32, 6.3, 5.1, 2.35, 1.39, 8.34, 4.78, 6.71, 2.7, 8.31, 5.36, 9.4, 8.16, 8.59, 4.06, 3.8, 10.27, 10.86, 9.04, 4.72, 11.32, 0, 11.12, 8.01, 10.14, 9.13, 8.24, 7.88, 10.98, 9.72, 7.06, 6.82, 7.75, 9.21, 7.29, 7.72, 11.28, 2.42, 11.2, 10.17, 7.82, 6.3, 11.12, 0, 9.4, 5.93, 6.2, 9.65, 8.92, 0.97, 5.69, 9.21, 8.71, 4.97, 2.96, 9.48, 4.8, 2.58, 11.42, 4.85, 3.94, 3.9, 5.1, 8.01, 9.4, 0, 7.45, 5.79, 3.35, 0.95, 9.63, 6.96, 3.21, 1.9, 10, 9.79, 3.49, 4.74, 7.68, 6.18, 9.73, 11.04, 8.64, 2.35, 10.14, 5.93, 7.45, 0, 2.4, 10.66, 7.13, 6.41, 1.1, 10.66, 7.66, 10.06, 8.44, 10.94, 5.61, 3.42, 9.5, 10.77, 9.39, 7.24, 1.39, 9.13, 6.2, 5.79, 2.4, 0, 9, 5.47, 6.64, 1.76, 9, 6.05, 9.64, 8.28, 9.27, 4.53, 3.64, 10.94, 10.89, 1.72, 5.82, 8.34, 8.24, 9.65, 3.35, 10.66, 9, 0, 3.79, 9.8, 10.2, 1.7, 3.92, 9.55, 9.67, 1.99, 7.84, 11.02, 5.89, 11.87, 4.4, 3.61, 4.78, 7.88, 8.92, 0.95, 7.13, 5.47, 3.79, 0, 9.16, 6.63, 3.55, 2.13, 9.57, 9.32, 3.86, 4.26, 7.23, 6.17, 9.38, 10.33, 7.87, 6.71, 10.98, 0.97, 9.63, 6.41, 6.64, 9.8, 9.16, 0, 6.16, 9.33, 8.89, 4.59, 2.54, 9.61, 4.97, 3.04, 11.39, 4.36, 10.6, 8.09, 2.7, 9.72, 5.69, 6.96, 1.1, 1.76, 10.2, 6.63, 6.16, 0, 10.17, 7.14, 9.65, 8.09, 10.45, 5.08, 3.13, 9.08, 10.5, 2.9, 4.86, 8.31, 7.06, 9.21, 3.21, 10.66, 9, 1.7, 3.55, 9.33, 10.17, 0, 3.37, 8.83, 9.05, 0.73, 7.25, 10.65, 4.72, 11.22, 4.66, 2.59, 5.36, 6.82, 8.71, 1.9, 7.66, 6.05, 3.92, 2.13, 8.89, 7.14, 3.37, 0, 8.83, 8.78, 3.72, 3.93, 7.29, 5.19, 8.94, 10.18, 6.68, 9.4, 7.75, 4.97, 10, 10.06, 9.64, 9.55, 9.57, 4.59, 9.65, 8.83, 8.83, 0, 2.98, 9.1, 5.77, 6.77, 9, 3.47, 10.26, 7.08, 8.16, 9.21, 2.96, 9.79, 8.44, 8.28, 9.67, 9.32, 2.54, 8.09, 9.05, 8.78, 2.98, 0, 9.33, 5.13, 5.04, 10.07, 2.94, 2.54, 5.22, 8.59, 7.29, 9.48, 3.49, 10.94, 9.27, 1.99, 3.86, 9.61, 10.45, 0.73, 3.72, 9.1, 9.33, 0, 7.61, 10.98, 4.92, 11.5, 8.56, 3.39, 4.06, 7.72, 4.8, 4.74, 5.61, 4.53, 7.84, 4.26, 4.97, 5.08, 7.25, 3.93, 5.77, 5.13, 7.61, 0, 3.79, 7.26, 8.08, 8.88, 7.18, 3.8, 11.28, 2.58, 7.68, 3.42, 3.64, 11.02, 7.23, 3.04, 3.13, 10.65, 7.29, 6.77, 5.04, 10.98, 3.79, 0, 11.03, 7.37, 6.67, 3.87, 10.27, 2.42, 11.42, 6.18, 9.5, 10.94, 5.89, 6.17, 11.39, 9.08, 4.72, 5.19, 9, 10.07, 4.92, 7.26, 11.03, 0, 9.53, 12.48, 9.85, 10.86, 11.2, 4.85, 9.73, 10.77, 10.89, 11.87, 9.38, 4.36, 10.5, 11.22, 8.94, 3.47, 2.94, 11.5, 8.08, 7.37, 9.53, 0

Costs (same as Distance for all Modes: combustion, combustion+charging, electric, combustion+electric)
0, 288.47, 378.8, 391.93, 576.28, 170.58, 478.21, 406.78, 37.16, 190.55, 585.44, 459.41, 86.88, 202.09, 576.77, 581.63, 76.16, 370.83, 503.08, 289.02, 707.11, 288.47, 0, 286.76, 204.71, 339.01, 169.14, 374.45, 313.95, 252.03, 156.26, 340.91, 350.6, 210.79, 112.11, 289.59, 306.81, 226.29, 147.09, 311.08, 167.93, 426.86, 378.8, 286.76, 0, 490.74, 272.8, 221.2, 101.71, 30.08, 361.2, 207.15, 290.9, 81.01, 360.12, 232.22, 407.44, 353.55, 372.21, 176.08, 164.76, 445.17, 470.63, 391.93, 204.71, 490.74, 0, 481.71, 346.88, 574.41, 517.2, 357.2, 341.33, 475.77, 550.67, 306.13, 295.61, 335.77, 399.03, 315.77, 334.5, 488.92, 104.79, 485.4, 576.28, 339.01, 272.8, 481.71, 0, 407.19, 256.86, 268.61, 546.65, 386.7, 21.1, 246.43, 521.94, 377.49, 215.52, 128.14, 537.44, 207.86, 111.83, 495, 210.01, 170.58, 169.14, 221.2, 346.88, 407.19, 0, 322.9, 250.92, 145.28, 20.62, 417.33, 301.8, 138.92, 57.04, 433.42, 424.06, 151.16, 205.24, 332.77, 267.97, 551.45, 478.21, 374.45, 101.71, 574.41, 256.86, 322.9, 0, 72.11, 462, 308.75, 277.65, 23.85, 461.82, 332, 435.85, 365.57, 473.86, 243.26, 148.22, 538.24, 466.57, 406.78, 313.95, 30.08, 517.2, 268.61, 250.92, 72.11, 0, 390.02, 237.12, 287.77, 52.77, 389.84, 262.21, 417.77, 358.62, 401.8, 196.22, 157.58, 473.93, 471.67, 37.16, 252.03, 361.2, 357.2, 546.65, 145.28, 462, 390.02, 0, 164.17, 555.06, 442.19, 51.09, 170.04, 540.86, 547.69, 43.17, 339.91, 477.51, 255.28, 672.59, 190.55, 156.26, 207.15, 341.33, 386.7, 20.62, 308.75, 237.12, 164.17, 0, 396.76, 287.14, 154.03, 46.17, 414.57, 403.87, 167.11, 184.66, 313.38, 267.23, 531.33, 585.44, 340.91, 290.9, 475.77, 21.1, 417.33, 277.65, 287.77, 555.06, 396.76, 0, 266.87, 528.73, 385.32, 198.71, 110.11, 544.34, 215.24, 131.8, 493.49, 189.04, 459.41, 350.6, 81.01, 550.67, 246.43, 301.8, 23.85, 52.77, 442.19, 287.14, 266.87, 0, 440.64, 309.26, 418.13, 350.37, 452.93, 220.05, 135.53, 514.47, 455.04, 86.88, 210.79, 360.12, 306.13, 521.94, 138.92, 461.82, 389.84, 51.09, 154.03, 528.73, 440.64, 0, 145.88, 500.34, 513.02, 15.81, 314.09, 461.31, 204.55, 636.04, 202.09, 112.11, 232.22, 295.61, 377.49, 57.04, 332, 262.21, 170.04, 46.17, 385.32, 309.26, 145.88, 0, 382.79, 380.43, 160.96, 170.07, 316, 224.93, 506.79, 576.77, 289.59, 407.44, 335.77, 215.52, 433.42, 435.85, 417.77, 540.86, 414.57, 198.71, 418.13, 500.34, 382.79, 0, 89.5, 515.78, 250.05, 293.23, 390.14, 150.53, 581.63, 306.81, 353.55, 399.03, 128.14, 424.06, 365.57, 358.62, 547.69, 403.87, 110.11, 350.37, 513.02, 380.43, 89.5, 0, 528.81, 222.5, 218.28, 436.32, 127.64, 76.16, 226.29, 372.21, 315.77, 537.44, 151.16, 473.86, 401.8, 43.17, 167.11, 544.34, 452.93, 15.81, 160.96, 515.78, 528.81, 0, 329.59, 475.95, 213.01, 651.77, 370.83, 147.09, 176.08, 334.5, 207.86, 205.24, 243.26, 196.22, 339.91, 184.66, 215.24, 220.05, 314.09, 170.07, 250.05, 222.5, 329.59, 0, 164.07, 314.61, 350.02, 503.08, 311.08, 164.76, 488.92, 111.83, 332.77, 148.22, 157.58, 477.51, 313.38, 131.8, 135.53, 461.31, 316, 293.23, 218.28, 475.95, 164.07, 0, 478.13, 319.51, 289.02, 167.93, 445.17, 104.79, 495, 267.97, 538.24, 473.93, 255.28, 267.23, 493.49, 514.47, 204.55, 224.93, 390.14, 436.32, 213.01, 314.61, 478.13, 0, 539.94, 707.11, 426.86, 470.63, 485.4, 210.01, 551.45, 466.57, 471.67, 672.59, 531.33, 189.04, 455.04, 636.04, 506.79, 150.53, 127.64, 651.77, 350.02, 319.51, 539.94, 0, 0, 317.35, 416.68, 431.09, 633.93, 187.66, 526.02, 447.48, 40.92, 209.55, 643.94, 505.34, 95.59, 222.31, 634.48, 639.76, 83.82, 407.88, 553.41, 317.9, 777.81, 317.35, 0, 315.48, 225.17, 372.9, 186.01, 411.84, 345.29, 277.2, 171.93, 374.99, 385.66, 231.88, 123.31, 318.56, 337.48, 248.93, 161.81, 342.21, 184.69, 469.59, 416.68, 315.48, 0, 539.77, 300.08, 243.32, 111.87, 33.11, 397.32, 227.92, 319.99, 89.1, 396.11, 255.42, 448.14, 388.96, 409.42, 193.71, 181.28, 489.72, 517.66, 431.09, 225.17, 539.77, 0, 529.87, 381.59, 631.84, 568.92, 392.92, 375.43, 523.38, 605.77, 336.71, 325.16, 369.38, 438.9, 347.38, 367.95, 537.79, 115.28, 533.94, 633.93, 372.9, 300.08, 529.87, 0, 447.92, 282.59, 295.46, 601.26, 425.37, 23.21, 271.04, 574.09, 415.25, 237.05, 140.91, 591.14, 228.69, 122.98, 544.5, 231, 187.66, 186.01, 243.32, 381.59, 447.92, 0, 355.19, 275.99, 159.83, 22.66, 459.03, 331.98, 152.79, 62.7, 476.74, 466.51, 166.32, 225.72, 366.08, 294.8, 606.54, 526.02, 411.84, 111.87, 631.84, 282.59, 355.19, 0, 79.31, 508.2, 339.68, 305.47, 26.29, 507.98, 365.2, 479.38, 402.16, 521.29, 267.63, 163.02, 592.02, 513.26, 447.48, 345.29, 33.11, 568.92, 295.46, 275.99, 79.31, 0, 429, 260.81, 316.58, 58.08, 428.78, 288.42, 459.58, 394.46, 441.98, 215.82, 173.36, 521.29, 518.87, 40.92, 277.2, 397.32, 392.92, 601.26, 159.83, 508.2, 429, 0, 180.62, 610.61, 486.42, 56.21, 187, 594.99, 602.47, 47.52, 373.89, 525.25, 280.83, 739.86, 209.55, 171.93, 227.92, 375.43, 425.37, 22.66, 339.68, 260.81, 180.62, 0, 436.48, 315.81, 169.4, 50.82, 456.06, 444.29, 183.81, 203.17, 344.74, 293.92, 584.43, 643.94, 374.99, 319.99, 523.38, 23.21, 459.03, 305.47, 316.58, 610.61, 436.48, 0, 293.59, 581.57, 423.83, 218.57, 121.11, 598.73, 236.72, 144.98, 542.85, 207.9, 505.34, 385.66, 89.1, 605.77, 271.04, 331.98, 26.29, 58.08, 486.42, 315.81, 293.59, 0, 484.66, 340.23, 459.91, 385.44, 498.19, 242, 149.05, 565.95, 500.5, 95.59, 231.88, 396.11, 336.71, 574.09, 152.79, 507.98, 428.78, 56.21, 169.4, 581.57, 484.66, 0, 160.49, 550.33, 564.3, 17.38, 345.51, 507.43, 225.06, 699.6, 222.31, 123.31, 255.42, 325.16, 415.25, 62.7, 365.2, 288.42, 187, 50.82, 423.83, 340.23, 160.49, 0, 421.08, 418.44, 177.1, 187.11, 347.6, 247.39, 557.48, 634.48, 318.56, 448.14, 369.38, 237.05, 476.74, 479.38, 459.58, 594.99, 456.06, 218.57, 459.91, 550.33, 421.08, 0, 98.45, 567.38, 275, 322.52, 429.11, 165.55, 639.76, 337.48, 388.96, 438.9, 140.91, 466.51, 402.16, 394.46, 602.47, 444.29, 121.11, 385.44, 564.3, 418.44, 98.45, 0, 581.68, 244.75, 240.13, 479.93, 140.36, 83.82, 248.93, 409.42, 347.38, 591.14, 166.32, 521.29, 441.98, 47.52, 183.81, 598.73, 498.19, 17.38, 177.1, 567.38, 581.68, 0, 362.56, 523.6, 234.3, 716.98, 407.88, 161.81, 193.71, 367.95, 228.69, 225.72, 267.63, 215.82, 373.89, 203.17, 236.72, 242, 345.51, 187.11, 275, 244.75, 362.56, 0, 180.51, 346.06, 385, 553.41, 342.21, 181.28, 537.79, 122.98, 366.08, 163.02, 173.36, 525.25, 344.74, 144.98, 149.05, 507.43, 347.6, 322.52, 240.13, 523.6, 180.51, 0, 525.91, 351.45, 317.9, 184.69, 489.72, 115.28, 544.5, 294.8, 592.02, 521.29, 280.83, 293.92, 542.85, 565.95, 225.06, 247.39, 429.11, 479.93, 234.3, 346.06, 525.91, 0, 593.89, 777.81, 469.59, 517.66, 533.94, 231, 606.54, 513.26, 518.87, 739.86, 584.43, 207.9, 500.5, 699.6, 557.48, 165.55, 140.36, 716.98, 385, 351.45, 593.89, 0, 0, 57.7, 75.76, 78.38, 115.26, 34.12, 95.64, 81.36, 7.44, 38.1, 117.08, 91.88, 17.38, 40.42, 115.36, 116.32, 15.24, 74.16, 100.62, 57.8, 141.42, 57.7, 0, 57.36, 40.94, 67.8, 33.82, 74.88, 62.78, 50.4, 31.26, 68.18, 70.12, 42.16, 22.42, 57.92, 61.36, 45.26, 29.42, 62.22, 33.58, 85.38, 75.76, 57.36, 0, 98.14, 54.56, 44.24, 20.34, 6.02, 72.24, 41.44, 58.18, 16.2, 72.02, 46.44, 81.48, 70.72, 74.44, 35.22, 32.96, 89.04, 94.12, 78.38, 40.94, 98.14, 0, 96.34, 69.38, 114.88, 103.44, 71.44, 68.26, 95.16, 110.14, 61.22, 59.12, 67.16, 79.8, 63.16, 66.9, 97.78, 20.96, 97.08, 115.26, 67.8, 54.56, 96.34, 0, 81.44, 51.38, 53.72, 109.32, 77.34, 4.22, 49.28, 104.38, 75.5, 43.1, 25.62, 107.48, 41.58, 22.36, 99, 42, 34.12, 33.82, 44.24, 69.38, 81.44, 0, 64.58, 50.18, 29.06, 4.12, 83.46, 60.36, 27.78, 11.4, 86.68, 84.82, 30.24, 41.04, 66.56, 53.6, 110.28, 95.64, 74.88, 20.34, 114.88, 51.38, 64.58, 0, 14.42, 92.4, 61.76, 55.54, 4.78, 92.36, 66.4, 87.16, 73.12, 94.78, 48.66, 29.64, 107.64, 93.32, 81.36, 62.78, 6.02, 103.44, 53.72, 50.18, 14.42, 0, 78, 47.42, 57.56, 10.56, 77.96, 52.44, 83.56, 71.72, 80.36, 39.24, 31.52, 94.78, 94.34, 7.44, 50.4, 72.24, 71.44, 109.32, 29.06, 92.4, 78, 0, 32.84, 111.02, 88.44, 10.22, 34, 108.18, 109.54, 8.64, 67.98, 95.5, 51.06, 134.52, 38.1, 31.26, 41.44, 68.26, 77.34, 4.12, 61.76, 47.42, 32.84, 0, 79.36, 57.42, 30.8, 9.24, 82.92, 80.78, 33.42, 36.94, 62.68, 53.44, 106.26, 117.08, 68.18, 58.18, 95.16, 4.22, 83.46, 55.54, 57.56, 111.02, 79.36, 0, 53.38, 105.74, 77.06, 39.74, 22.02, 108.86, 43.04, 26.36, 98.7, 37.8, 91.88, 70.12, 16.2, 110.14, 49.28, 60.36, 4.78, 10.56, 88.44, 57.42, 53.38, 0, 88.12, 61.86, 83.62, 70.08, 90.58, 44, 27.1, 102.9, 91, 17.38, 42.16, 72.02, 61.22, 104.38, 27.78, 92.36, 77.96, 10.22, 30.8, 105.74, 88.12, 0, 29.18, 100.06, 102.6, 3.16, 62.82, 92.26, 40.92, 127.2, 40.42, 22.42, 46.44, 59.12, 75.5, 11.4, 66.4, 52.44, 34, 9.24, 77.06, 61.86, 29.18, 0, 76.56, 76.08, 32.2, 34.02, 63.2, 44.98, 101.36, 115.36, 57.92, 81.48, 67.16, 43.1, 86.68, 87.16, 83.56, 108.18, 82.92, 39.74, 83.62, 100.06, 76.56, 0, 17.9, 103.16, 50, 58.64, 78.02, 30.1, 116.32, 61.36, 70.72, 79.8, 25.62, 84.82, 73.12, 71.72, 109.54, 80.78, 22.02, 70.08, 102.6, 76.08, 17.9, 0, 105.76, 44.5, 43.66, 87.26, 25.52, 15.24, 45.26, 74.44, 63.16, 107.48, 30.24, 94.78, 80.36, 8.64, 33.42, 108.86, 90.58, 3.16, 32.2, 103.16, 105.76, 0, 65.92, 95.2, 42.6, 130.36, 74.16, 29.42, 35.22, 66.9, 41.58, 41.04, 48.66, 39.24, 67.98, 36.94, 43.04, 44, 62.82, 34.02, 50, 44.5, 65.92, 0, 32.82, 62.92, 70, 100.62, 62.22, 32.96, 97.78, 22.36, 66.56, 29.64, 31.52, 95.5, 62.68, 26.36, 27.1, 92.26, 63.2, 58.64, 43.66, 95.2, 32.82, 0, 95.62, 63.9, 57.8, 33.58, 89.04, 20.96, 99, 53.6, 107.64, 94.78, 51.06, 53.44, 98.7, 102.9, 40.92, 44.98, 78.02, 87.26, 42.6, 62.92, 95.62, 0, 107.98, 141.42, 85.38, 94.12, 97.08, 42, 110.28, 93.32, 94.34, 134.52, 106.26, 37.8, 91, 127.2, 101.36, 30.1, 25.52, 130.36, 70, 63.9, 107.98, 0, 0, 346.2, 454.56, 470.28, 691.56, 204.72, 573.84, 488.16, 44.64, 228.6, 702.48, 551.28, 104.28, 242.52, 692.16, 697.92, 91.44, 444.96, 603.72, 346.8, 848.52, 346.2, 0, 344.16, 245.64, 406.8, 202.92, 449.28, 376.68, 302.4, 187.56, 409.08, 420.72, 252.96, 134.52, 347.52, 368.16, 271.56, 176.52, 373.32, 201.48, 512.28, 454.56, 344.16, 0, 588.84, 327.36, 265.44, 122.04, 36.12, 433.44, 248.64, 349.08, 97.2, 432.12, 278.64, 488.88, 424.32, 446.64, 211.32, 197.76, 534.24, 564.72, 470.28, 245.64, 588.84, 0, 578.04, 416.28, 689.28, 620.64, 428.64, 409.56, 570.96, 660.84, 367.32, 354.72, 402.96, 478.8, 378.96, 401.4, 586.68, 125.76, 582.48, 691.56, 406.8, 327.36, 578.04, 0, 488.64, 308.28, 322.32, 655.92, 464.04, 25.32, 295.68, 626.28, 453, 258.6, 153.72, 644.88, 249.48, 134.16, 594, 252, 204.72, 202.92, 265.44, 416.28, 488.64, 0, 387.48, 301.08, 174.36, 24.72, 500.76, 362.16, 166.68, 68.4, 520.08, 508.92, 181.44, 246.24, 399.36, 321.6, 661.68, 573.84, 449.28, 122.04, 689.28, 308.28, 387.48, 0, 86.52, 554.4, 370.56, 333.24, 28.68, 554.16, 398.4, 522.96, 438.72, 568.68, 291.96, 177.84, 645.84, 559.92, 488.16, 376.68, 36.12, 620.64, 322.32, 301.08, 86.52, 0, 468, 284.52, 345.36, 63.36, 467.76, 314.64, 501.36, 430.32, 482.16, 235.44, 189.12, 568.68, 566.04, 44.64, 302.4, 433.44, 428.64, 655.92, 174.36, 554.4, 468, 0, 197.04, 666.12, 530.64, 61.32, 204, 649.08, 657.24, 51.84, 407.88, 573, 306.36, 807.12, 228.6, 187.56, 248.64, 409.56, 464.04, 24.72, 370.56, 284.52, 197.04, 0, 476.16, 344.52, 184.8, 55.44, 497.52, 484.68, 200.52, 221.64, 376.08, 320.64, 637.56, 702.48, 409.08, 349.08, 570.96, 25.32, 500.76, 333.24, 345.36, 666.12, 476.16, 0, 320.28, 634.44, 462.36, 238.44, 132.12, 653.16, 258.24, 158.16, 592.2, 226.8, 551.28, 420.72, 97.2, 660.84, 295.68, 362.16, 28.68, 63.36, 530.64, 344.52, 320.28, 0, 528.72, 371.16, 501.72, 420.48, 543.48, 264, 162.6, 617.4, 546, 104.28, 252.96, 432.12, 367.32, 626.28, 166.68, 554.16, 467.76, 61.32, 184.8, 634.44, 528.72, 0, 175.08, 600.36, 615.6, 18.96, 376.92, 553.56, 245.52, 763.2, 242.52, 134.52, 278.64, 354.72, 453, 68.4, 398.4, 314.64, 204, 55.44, 462.36, 371.16, 175.08, 0, 459.36, 456.48, 193.2, 204.12, 379.2, 269.88, 608.16, 692.16, 347.52, 488.88, 402.96, 258.6, 520.08, 522.96, 501.36, 649.08, 497.52, 238.44, 501.72, 600.36, 459.36, 0, 107.4, 618.96, 300, 351.84, 468.12, 180.6, 697.92, 368.16, 424.32, 478.8, 153.72, 508.92, 438.72, 430.32, 657.24, 484.68, 132.12, 420.48, 615.6, 456.48, 107.4, 0, 634.56, 267, 261.96, 523.56, 153.12, 91.44, 271.56, 446.64, 378.96, 644.88, 181.44, 568.68, 482.16, 51.84, 200.52, 653.16, 543.48, 18.96, 193.2, 618.96, 634.56, 0, 395.52, 571.2, 255.6, 782.16, 444.96, 176.52, 211.32, 401.4, 249.48, 246.24, 291.96, 235.44, 407.88, 221.64, 258.24, 264, 376.92, 204.12, 300, 267, 395.52, 0, 196.92, 377.52, 420, 603.72, 373.32, 197.76, 586.68, 134.16, 399.36, 177.84, 189.12, 573, 376.08, 158.16, 162.6, 553.56, 379.2, 351.84, 261.96, 571.2, 196.92, 0, 573.72, 383.4, 346.8, 201.48, 534.24, 125.76, 594, 321.6, 645.84, 568.68, 306.36, 320.64, 592.2, 617.4, 245.52, 269.88, 468.12, 523.56, 255.6, 377.52, 573.72, 0, 647.88, 848.52, 512.28, 564.72, 582.48, 252, 661.68, 559.92, 566.04, 807.12, 637.56, 226.8, 546, 763.2, 608.16, 180.6, 153.12, 782.16, 420, 383.4, 647.88, 0

Time Windows (Depot, 1, ..., N)
0, 480, 129, 159, 0, 480, 34, 64, 0, 480, 470, 480, 0, 480, 0, 480, 0, 480, 465, 480, 67, 97, 124, 154, 9, 39, 0, 480, 32, 62, 0, 480, 20, 50, 0, 480, 0, 480, 0, 480, 77, 107