Instance
HEVTSP 2 50 1 TW 2

Customers
50

Service Time (same as Distance for all Modes: combustion, combustion+charging, electric, combustion+electric) (Depot, 1, ..., N, Depot)
0, 10, 2, 1, 3, 5, 3, 7, 1, 6, 1, 6, 9, 8, 2, 5, 9, 5, 9, 10, 10, 1, 3, 6, 10, 6, 6, 1, 3, 9, 10, 10, 9, 10, 10, 8, 1, 8, 6, 9, 9, 2, 6, 5, 6, 9, 4, 8, 7, 1, 3, 0

Initial Charging
0

Max Charging (in Watt/h)
16800

Charging Rate (in Watt/h)
12000

Discharging Rate (in Watt/h)
48000

Coordinates (Used for GUI, not necessarily related to Distances, Time, Costs)
0, 0, 20000, 20000, 21760, 24630, 23700, 21760, 22670, 22110, 21600, 21040, 24750, 24340, 21420, 22680, 21830, 22780, 22610, 20430, 22990, 20970, 22480, 22990, 23700, 20020, 22330, 21420, 21090, 22220, 20490, 24560, 23970, 23920, 21070, 20720, 24560, 20980, 23820, 23870, 21410, 24920, 22670, 24450, 23080, 23240, 22600, 20670, 22070, 22740, 21940, 20370, 23100, 22280, 21120, 23350, 23300, 23000, 24490, 21270, 24280, 23880, 21440, 20700, 23840, 23390, 20060, 20810, 22160, 23230, 20700, 22850, 21780, 20580, 24780, 23840, 21390, 23820, 21330, 21660, 22080, 21370, 20940, 23700, 23850, 23260, 20420, 23560, 24150, 24050, 24550, 22850, 20180, 23630, 22180, 21060, 21220, 23850, 22730, 23720, 25000, 25000

Distances (Depot-Depot, Depot-1, Depot-..., Depot-N, 1-Depot, 1-1, ..., M-N)
0, 28284, 32865, 32174, 31667, 30154, 34713, 31196, 31551, 30473, 31117, 32154, 31024, 30943, 30635, 31985, 33863, 29551, 32301, 33722, 32854, 33343, 32753, 30627, 31689, 29938, 32094, 31485, 32740, 32437, 34055, 29802, 33398, 28904, 32104, 30832, 29965, 34386, 32014, 30399, 30728, 31626, 33314, 31178, 34083, 33538, 31074, 30586, 31924, 32853, 35355, 28284, 0, 4953, 4097, 3403, 1908, 6434, 3033, 3328, 2645, 3143, 3885, 3700, 2729, 2473, 4586, 5579, 1290, 4664, 5438, 5118, 5190, 4470, 2685, 3434, 1975, 3848, 3532, 4460, 4666, 5777, 1601, 5122, 812, 3886, 2935, 1872, 6131, 4065, 2127, 2491, 3818, 5045, 3585, 5799, 5369, 3634, 2424, 4039, 4614, 7071, 32865, 4953, 0, 3464, 2679, 3594, 3004, 1979, 1851, 4285, 3861, 1791, 5002, 3260, 2501, 1272, 2321, 3970, 4600, 2196, 455, 928, 1917, 4048, 1915, 4264, 2705, 1431, 2242, 4329, 2629, 3943, 2422, 4181, 1456, 2072, 4050, 3122, 891, 3001, 3276, 1240, 2499, 1715, 2459, 3309, 1870, 3595, 949, 1330, 3261, 32174, 4097, 3464, 0, 1088, 2220, 2785, 2459, 2130, 1720, 1062, 1732, 1740, 1412, 2650, 4260, 2177, 2828, 1161, 2113, 3903, 2880, 1605, 1549, 1902, 2243, 794, 3031, 1303, 930, 2198, 2496, 1636, 3762, 2129, 3192, 2254, 2344, 3095, 2372, 1666, 3374, 1507, 3741, 2334, 1382, 3986, 1673, 3243, 2187, 3491, 31667, 3403, 2679, 1088, 0, 1513, 3049, 1374, 1074, 1681, 1184, 900, 2330, 769, 1584, 3279, 2228, 2119, 2202, 2102, 3080, 2340, 1202, 1442, 870, 1887, 462, 1985, 1090, 2004, 2393, 1871, 1734, 2916, 1231, 2104, 1770, 2729, 2136, 1414, 946, 2350, 1648, 2677, 2440, 2020, 2917, 1159, 2265, 1611, 3712, 30154, 1908, 3594, 2220, 1513, 0, 4562, 1650, 1755, 1180, 1392, 2139, 2335, 823, 1285, 3691, 3730, 619, 2961, 3597, 3885, 3574, 2651, 1066, 1764, 751, 1946, 2359, 2595, 2899, 3905, 376, 3247, 1557, 2260, 2021, 494, 4237, 2788, 676, 582, 2741, 3161, 2783, 3945, 3461, 2954, 580, 2836, 2908, 5219, 34713, 6434, 3004, 2785, 3049, 4562, 0, 3721, 3311, 4457, 3802, 2641, 4446, 3792, 4230, 4266, 886, 5162, 3365, 1042, 3390, 2083, 2000, 4253, 3121, 4864, 2639, 3763, 1974, 3081, 658, 4920, 1316, 5870, 2818, 4315, 4792, 501, 3400, 4345, 3994, 3863, 1406, 4400, 666, 1503, 4625, 4167, 3564, 2113, 706, 31196, 3033, 1979, 2459, 1374, 1650, 3721, 0, 422, 2545, 2321, 1104, 3503, 1554, 566, 2097, 2836, 1991, 3571, 2679, 2240, 2167, 1752, 2331, 653, 2368, 1727, 734, 1907, 3378, 3102, 1980, 2522, 2312, 922, 740, 2131, 3555, 1140, 1024, 1467, 1127, 2498, 1332, 3054, 3135, 1562, 1789, 1187, 1673, 4266, 31551, 3328, 1851, 2130, 1074, 1755, 3311, 422, 0, 2476, 2150, 683, 3334, 1449, 928, 2228, 2425, 2196, 3270, 2269, 2181, 1869, 1332, 2246, 243, 2413, 1365, 910, 1486, 3059, 2686, 2116, 2101, 2648, 558, 1132, 2201, 3135, 1129, 1227, 1432, 1280, 2076, 1611, 2645, 2721, 1856, 1755, 1232, 1301, 3870, 30473, 2645, 4285, 1720, 1681, 1180, 4457, 2545, 2476, 0, 660, 2563, 1165, 1029, 2348, 4642, 3746, 1567, 2026, 3647, 4648, 4020, 2849, 240, 2372, 673, 1914, 3278, 2661, 2059, 3833, 1201, 3205, 2578, 2836, 3083, 843, 4042, 3603, 1775, 1079, 3672, 3090, 3820, 3934, 3102, 4018, 763, 3692, 3292, 5157, 31117, 3143, 3861, 1062, 1184, 1392, 3802, 2321, 2150, 660, 0, 2083, 1186, 799, 2274, 4375, 3109, 1936, 1570, 3016, 4254, 3495, 2272, 492, 1995, 1209, 1315, 3027, 2054, 1530, 3183, 1573, 2565, 2934, 2408, 2963, 1271, 3382, 3268, 1798, 994, 3414, 2446, 3649, 3291, 2443, 3869, 815, 3380, 2762, 4503, 32154, 3885, 1791, 1732, 900, 2139, 2641, 1104, 683, 2563, 2083, 0, 3211, 1577, 1589, 2535, 1756, 2672, 2892, 1603, 2207, 1472, 650, 2323, 480, 2675, 943, 1407, 820, 2645, 2008, 2515, 1418, 3257, 400, 1785, 2510, 2452, 1370, 1758, 1669, 1696, 1396, 2137, 1978, 2075, 2387, 1953, 1526, 772, 3223, 31024, 3700, 5002, 1740, 2330, 2335, 4446, 3503, 3334, 1165, 1186, 3211, 0, 1959, 3414, 5560, 3909, 2722, 1289, 3852, 5409, 4548, 3279, 1278, 3171, 1794, 2338, 4213, 3007, 1479, 3903, 2360, 3373, 3725, 3560, 4124, 2000, 3970, 4447, 2882, 2109, 4600, 3243, 4826, 4055, 2955, 5042, 1842, 4563, 3825, 5147, 30943, 2729, 3260, 1412, 769, 823, 3792, 1554, 1449, 1029, 799, 1577, 1959, 0, 1476, 3639, 2990, 1441, 2273, 2868, 3619, 3049, 1968, 797, 1345, 1120, 1154, 2278, 1854, 2165, 3139, 1145, 2482, 2351, 1818, 2168, 1004, 3444, 2578, 1028, 255, 2670, 2387, 2868, 3198, 2641, 3083, 390, 2672, 2335, 4466, 30635, 2473, 2501, 2650, 1584, 1285, 4230, 566, 928, 2348, 2274, 1589, 3414, 1476, 0, 2416, 3344, 1500, 3685, 3190, 2719, 2733, 2236, 2164, 1109, 2036, 2011, 1130, 2344, 3530, 3596, 1560, 2989, 1746, 1471, 741, 1779, 4030, 1628, 609, 1305, 1488, 2949, 1498, 3565, 3517, 1678, 1592, 1635, 2223, 4798, 31985, 4586, 1272, 4260, 3279, 3691, 4266, 2097, 2228, 4642, 4375, 2535, 5560, 3639, 2416, 0, 3538, 3884, 5420, 3401, 988, 2183, 2907, 4425, 2410, 4434, 3466, 1364, 3214, 5179, 3851, 3975, 3548, 3775, 2135, 1723, 4184, 4350, 1165, 3019, 3564, 971, 3603, 1002, 3695, 4405, 980, 3887, 1018, 2392, 4531, 33863, 5579, 2321, 2177, 2228, 3730, 886, 2836, 2425, 3746, 3109, 1756, 3909, 2990, 3344, 3538, 0, 4319, 2999, 158, 2748, 1404, 1120, 3527, 2237, 4089, 1856, 2906, 1138, 2701, 313, 4095, 546, 4996, 1937, 3441, 3994, 814, 2582, 3475, 3174, 3038, 671, 3568, 222, 1217, 3801, 3374, 2751, 1256, 1492, 29551, 1290, 3970, 2828, 2119, 619, 5162, 1991, 2196, 1567, 1936, 2672, 2722, 1441, 1500, 3884, 4319, 0, 3500, 4182, 4214, 4059, 3223, 1531, 2254, 938, 2560, 2630, 3189, 3464, 4504, 371, 3847, 1014, 2736, 2162, 724, 4848, 3116, 975, 1201, 2983, 3766, 2913, 4536, 4080, 3043, 1161, 3134, 3429, 5811, 32301, 4664, 4600, 1161, 2202, 2961, 3365, 3571, 3270, 2026, 1570, 2892, 1289, 2273, 3685, 5420, 2999, 3500, 0, 2983, 5044, 3951, 2701, 1984, 3049, 2690, 1955, 4177, 2381, 298, 2913, 3133, 2515, 4503, 3290, 4289, 2809, 2868, 4256, 3301, 2510, 4528, 2388, 4878, 3097, 1870, 5119, 2381, 4404, 3295, 4044, 33722, 5438, 2196, 2113, 2102, 3597, 1042, 2679, 2269, 3647, 3016, 1603, 3852, 2868, 3190, 3401, 158, 4182, 2983, 0, 2629, 1288, 972, 3425, 2083, 3973, 1745, 2750, 1014, 2685, 460, 3964, 480, 4848, 1779, 3282, 3871, 960, 2431, 3329, 3046, 2885, 611, 3414, 376, 1254, 3648, 3254, 2600, 1100, 1634, 32854, 5118, 455, 3903, 3080, 3885, 3390, 2240, 2181, 4648, 4254, 2207, 5409, 3619, 2719, 988, 2748, 4214, 5044, 2629, 0, 1345, 2369, 4413, 2278, 4581, 3135, 1597, 2694, 4776, 3053, 4220, 2872, 4326, 1849, 2188, 4356, 3539, 1100, 3261, 3613, 1307, 2951, 1682, 2875, 3761, 1782, 3936, 1087, 1784, 3591, 33343, 5190, 928, 2880, 2340, 3574, 2083, 2167, 1869, 4020, 3495, 1472, 4548, 3049, 2733, 2183, 1404, 4059, 3951, 1288, 1345, 0, 1278, 3781, 1812, 4145, 2212, 1901, 1581, 3664, 1708, 3947, 1579, 4479, 1322, 2538, 3971, 2196, 1427, 3095, 3136, 1886, 1676, 2420, 1533, 2469, 2622, 3425, 1569, 732, 2394, 32753, 4470, 1917, 1605, 1202, 2651, 2000, 1752, 1332, 2849, 2272, 650, 3279, 1968, 2236, 2907, 1120, 3223, 2701, 972, 2369, 1278, 0, 2614, 1127, 3088, 960, 1963, 326, 2423, 1360, 3023, 775, 3876, 920, 2412, 2961, 1803, 1787, 2358, 2121, 2189, 770, 2679, 1342, 1521, 2926, 2358, 1957, 594, 2605, 30627, 2685, 4048, 1549, 1442, 1066, 4253, 2331, 2246, 240, 492, 2323, 1278, 797, 2164, 4425, 3527, 1531, 1984, 3425, 4413, 3781, 2614, 0, 2137, 725, 1686, 3062, 2433, 1983, 3623, 1160, 2989, 2544, 2598, 2892, 825, 3847, 3374, 1610, 872, 3455, 2876, 3620, 3718, 2925, 3823, 573, 3467, 3053, 4951, 31689, 3434, 1915, 1902, 870, 1764, 3121, 653, 243, 2372, 1995, 480, 3171, 1345, 1109, 2410, 2237, 2254, 3049, 2083, 2278, 1812, 1127, 2137, 0, 2374, 1128, 1129, 1257, 2831, 2487, 2135, 1886, 2787, 498, 1374, 2179, 2925, 1276, 1309, 1370, 1483, 1854, 1843, 2458, 2482, 2089, 1684, 1398, 1182, 3700, 29938, 1975, 4264, 2243, 1887, 751, 4864, 2368, 2413, 673, 1209, 2675, 1794, 1120, 2036, 4434, 4089, 938, 2690, 3973, 4581, 4145, 3088, 725, 2374, 0, 2235, 3091, 2961, 2704, 4218, 599, 3568, 1931, 2868, 2773, 264, 4484, 3494, 1427, 1010, 3477, 3464, 3534, 4293, 3600, 3705, 731, 3554, 3442, 5550, 32094, 3848, 2705, 794, 462, 1946, 2639, 1727, 1365, 1914, 1315, 943, 2338, 1154, 2011, 3466, 1856, 2560, 1955, 1745, 3135, 2212, 960, 1686, 1128, 2235, 0, 2251, 747, 1718, 1988, 2292, 1334, 3377, 1336, 2467, 2152, 2293, 2301, 1875, 1367, 2585, 1234, 2970, 2058, 1558, 3217, 1528, 2449, 1487, 3318, 31485, 3532, 1431, 3031, 1985, 2359, 3763, 734, 910, 3278, 3027, 1407, 4213, 2278, 1130, 1364, 2906, 2630, 4177, 2750, 1597, 1901, 1963, 3062, 1129, 3091, 2251, 0, 2208, 3960, 3204, 2669, 2720, 2752, 1047, 653, 2848, 3693, 542, 1703, 2200, 394, 2731, 731, 3110, 3466, 981, 2523, 510, 1652, 4216, 32740, 4460, 2242, 1303, 1090, 2595, 1974, 1907, 1486, 2661, 2054, 820, 3007, 1854, 2344, 3214, 1138, 3189, 2381, 1014, 2694, 1581, 326, 2433, 1257, 2961, 747, 2208, 0, 2100, 1317, 2958, 666, 3911, 1163, 2604, 2858, 1702, 2079, 2383, 2036, 2462, 608, 2934, 1351, 1259, 3183, 2240, 2247, 918, 2625, 32437, 4666, 4329, 930, 2004, 2899, 3081, 3378, 3059, 2059, 1530, 2645, 1479, 2165, 3530, 5179, 2701, 3464, 298, 2685, 4776, 3664, 2423, 1983, 2831, 2704, 1718, 3960, 2100, 0, 2618, 3103, 2217, 4454, 3045, 4106, 2796, 2586, 4014, 3184, 2412, 4302, 2090, 4670, 2801, 1581, 4914, 2320, 4165, 3017, 3765, 34055, 5777, 2629, 2198, 2393, 3905, 658, 3102, 2686, 3833, 3183, 2008, 3903, 3139, 3596, 3851, 313, 4504, 2913, 460, 3053, 1708, 1360, 3623, 2487, 4218, 1988, 3204, 1317, 2618, 0, 4264, 659, 5219, 2217, 3725, 4140, 502, 2891, 3692, 3338, 3345, 755, 3873, 214, 1065, 4108, 3516, 3060, 1558, 1331, 29802, 1601, 3943, 2496, 1871, 376, 4920, 1980, 2116, 1201, 1573, 2515, 2360, 1145, 1560, 3975, 4095, 371, 3133, 3964, 4220, 3947, 3023, 1160, 2135, 599, 2292, 2669, 2958, 3103, 4264, 0, 3605, 1384, 2630, 2274, 361, 4584, 3120, 966, 927, 3041, 3516, 3036, 4309, 3781, 3189, 823, 3158, 3284, 5582, 33398, 5122, 2422, 1636, 1734, 3247, 1316, 2522, 2101, 3205, 2565, 1418, 3373, 2482, 2989, 3548, 546, 3847, 2515, 480, 2872, 1579, 775, 2989, 1886, 3568, 1334, 2720, 666, 2217, 659, 3605, 0, 4577, 1688, 3186, 3484, 1042, 2487, 3048, 2679, 2917, 130, 3424, 729, 892, 3668, 2861, 2660, 1158, 1984, 28904, 812, 4181, 3762, 2916, 1557, 5870, 2312, 2648, 2578, 2934, 3257, 3725, 2351, 1746, 3775, 4996, 1014, 4503, 4848, 4326, 4479, 3876, 2544, 2787, 1931, 3377, 2752, 3911, 4454, 5219, 1384, 4577, 0, 3204, 2138, 1735, 5609, 3291, 1528, 2096, 3021, 4513, 2773, 5218, 4932, 2823, 2135, 3254, 3949, 6478, 32104, 3886, 1456, 2129, 1231, 2260, 2818, 922, 558, 2836, 2408, 400, 3560, 1818, 1471, 2135, 1937, 2736, 3290, 1779, 1849, 1322, 920, 2598, 498, 2868, 1336, 1047, 1163, 3045, 2217, 2630, 1688, 3204, 0, 1509, 2677, 2690, 970, 1776, 1862, 1307, 1690, 1771, 2152, 2420, 2020, 2170, 1126, 752, 3346, 30832, 2935, 2072, 3192, 2104, 2021, 4315, 740, 1132, 3083, 2963, 1785, 4124, 2168, 741, 1723, 3441, 2162, 4289, 3282, 2188, 2538, 2412, 2892, 1374, 2773, 2467, 653, 2604, 4106, 3725, 2274, 3186, 2138, 1509, 0, 2514, 4198, 1190, 1346, 2024, 883, 3177, 763, 3653, 3850, 937, 2323, 1127, 2209, 4808, 29965, 1872, 4050, 2254, 1770, 494, 4792, 2131, 2201, 843, 1271, 2510, 2000, 1004, 1779, 4184, 3994, 724, 2809, 3871, 4356, 3971, 2961, 825, 2179, 264, 2152, 2848, 2858, 2796, 4140, 361, 3484, 1735, 2677, 2514, 0, 4430, 3263, 1170, 845, 3231, 3386, 3276, 4202, 3581, 3444, 625, 3318, 3281, 5469, 34386, 6131, 3122, 2344, 2729, 4237, 501, 3555, 3135, 4042, 3382, 2452, 3970, 3444, 4030, 4350, 814, 4848, 2868, 960, 3539, 2196, 1803, 3847, 2925, 4484, 2293, 3693, 1702, 2586, 502, 4584, 1042, 5609, 2690, 4198, 4430, 0, 3390, 4081, 3659, 3843, 1096, 4369, 664, 1016, 4605, 3806, 3560, 2054, 1181, 32014, 4065, 891, 3095, 2136, 2788, 3400, 1140, 1129, 3603, 3268, 1370, 4447, 2578, 1628, 1165, 2582, 3116, 4256, 2431, 1100, 1427, 1787, 3374, 1276, 3494, 2301, 542, 2079, 4014, 2891, 3120, 2487, 3291, 970, 1190, 3263, 3390, 0, 2161, 2545, 466, 2523, 1004, 2770, 3306, 1225, 2871, 173, 1344, 3798, 30399, 2127, 3001, 2372, 1414, 676, 4345, 1024, 1227, 1775, 1798, 1758, 2882, 1028, 609, 3019, 3475, 975, 3301, 3329, 3261, 3095, 2358, 1610, 1309, 1427, 1875, 1703, 2383, 3184, 3692, 966, 3048, 1528, 1776, 1346, 1170, 4081, 2161, 0, 804, 2077, 2985, 2107, 3697, 3433, 2281, 1040, 2193, 2491, 4962, 30728, 2491, 3276, 1666, 946, 582, 3994, 1467, 1432, 1079, 994, 1669, 2109, 255, 1305, 3564, 3174, 1201, 2510, 3046, 3613, 3136, 2121, 872, 1370, 1010, 1367, 2200, 2036, 2412, 3338, 927, 2679, 2096, 1862, 2024, 845, 3659, 2545, 804, 0, 2594, 2589, 2748, 3386, 2879, 2953, 326, 2625, 2438, 4659, 31626, 3818, 1240, 3374, 2350, 2741, 3863, 1127, 1280, 3672, 3414, 1696, 4600, 2670, 1488, 971, 3038, 2983, 4528, 2885, 1307, 1886, 2189, 3455, 1483, 3477, 2585, 394, 2462, 4302, 3345, 3041, 2917, 3021, 1307, 883, 3231, 3843, 466, 2077, 2594, 0, 2943, 539, 3229, 3709, 763, 2917, 318, 1790, 4263, 33314, 5045, 2499, 1507, 1648, 3161, 1406, 2498, 2076, 3090, 2446, 1396, 3243, 2387, 2949, 3603, 671, 3766, 2388, 611, 2951, 1676, 770, 2876, 1854, 3464, 1234, 2731, 608, 2090, 755, 3516, 130, 4513, 1690, 3177, 3386, 1096, 2523, 2985, 2589, 2943, 0, 3443, 845, 811, 3689, 2762, 2695, 1211, 2086, 31178, 3585, 1715, 3741, 2677, 2783, 4400, 1332, 1611, 3820, 3649, 2137, 4826, 2868, 1498, 1002, 3568, 2913, 4878, 3414, 1682, 2420, 2679, 3620, 1843, 3534, 2970, 731, 2934, 4670, 3873, 3036, 3424, 2773, 1771, 763, 3276, 4369, 1004, 2107, 2748, 539, 3443, 0, 3762, 4191, 250, 3057, 851, 2316, 4801, 34083, 5799, 2459, 2334, 2440, 3945, 666, 3054, 2645, 3934, 3291, 1978, 4055, 3198, 3565, 3695, 222, 4536, 3097, 376, 2875, 1533, 1342, 3718, 2458, 4293, 2058, 3110, 1351, 2801, 214, 4309, 729, 5218, 2152, 3653, 4202, 664, 2770, 3697, 3386, 3229, 845, 3762, 0, 1265, 3992, 3581, 2937, 1458, 1275, 33538, 5369, 3309, 1382, 2020, 3461, 1503, 3135, 2721, 3102, 2443, 2075, 2955, 2641, 3517, 4405, 1217, 4080, 1870, 1254, 3761, 2469, 1521, 2925, 2482, 3600, 1558, 3466, 1259, 1581, 1065, 3781, 892, 4932, 2420, 3850, 3581, 1016, 3306, 3433, 2879, 3709, 811, 4191, 1265, 0, 4439, 2970, 3477, 2017, 2197, 31074, 3634, 1870, 3986, 2917, 2954, 4625, 1562, 1856, 4018, 3869, 2387, 5042, 3083, 1678, 980, 3801, 3043, 5119, 3648, 1782, 2622, 2926, 3823, 2089, 3705, 3217, 981, 3183, 4914, 4108, 3189, 3668, 2823, 2020, 937, 3444, 4605, 1225, 2281, 2953, 763, 3689, 250, 3992, 4439, 0, 3257, 1063, 2552, 5011, 30586, 2424, 3595, 1673, 1159, 580, 4167, 1789, 1755, 763, 815, 1953, 1842, 390, 1592, 3887, 3374, 1161, 2381, 3254, 3936, 3425, 2358, 573, 1684, 731, 1528, 2523, 2240, 2320, 3516, 823, 2861, 2135, 2170, 2323, 625, 3806, 2871, 1040, 326, 2917, 2762, 3057, 3581, 2970, 3257, 0, 2951, 2716, 4845, 31924, 4039, 949, 3243, 2265, 2836, 3564, 1187, 1232, 3692, 3380, 1526, 4563, 2672, 1635, 1018, 2751, 3134, 4404, 2600, 1087, 1569, 1957, 3467, 1398, 3554, 2449, 510, 2247, 4165, 3060, 3158, 2660, 3254, 1126, 1127, 3318, 3560, 173, 2193, 2625, 318, 2695, 851, 2937, 3477, 1063, 2951, 0, 1516, 3951, 32853, 4614, 1330, 2187, 1611, 2908, 2113, 1673, 1301, 3292, 2762, 772, 3825, 2335, 2223, 2392, 1256, 3429, 3295, 1100, 1784, 732, 594, 3053, 1182, 3442, 1487, 1652, 918, 3017, 1558, 3284, 1158, 3949, 752, 2209, 3281, 2054, 1344, 2491, 2438, 1790, 1211, 2316, 1458, 2017, 2552, 2716, 1516, 0, 2606, 35355, 7071, 3261, 3491, 3712, 5219, 706, 4266, 3870, 5157, 4503, 3223, 5147, 4466, 4798, 4531, 1492, 5811, 4044, 1634, 3591, 2394, 2605, 4951, 3700, 5550, 3318, 4216, 2625, 3765, 1331, 5582, 1984, 6478, 3346, 4808, 5469, 1181, 3798, 4962, 4659, 4263, 2086, 4801, 1275, 2197, 5011, 4845, 3951, 2606, 0

Time (same as Distance for all Modes: combustion, combustion+charging, electric, combustion+electric)
0, 32.02, 37.21, 36.42, 35.85, 34.14, 39.3, 35.32, 35.72, 34.5, 35.23, 36.4, 35.12, 35.03, 34.68, 36.21, 38.34, 33.45, 36.57, 38.18, 37.19, 37.75, 37.08, 34.67, 35.87, 33.89, 36.33, 35.64, 37.06, 36.72, 38.55, 33.74, 37.81, 32.72, 36.34, 34.9, 33.92, 38.93, 36.24, 34.41, 34.79, 35.8, 37.71, 35.3, 38.58, 37.97, 35.18, 34.63, 36.14, 37.19, 40.02, 32.02, 0, 11.89, 9.83, 8.17, 4.58, 12.87, 7.28, 7.99, 6.35, 7.54, 9.32, 8.88, 6.55, 5.94, 11.01, 11.16, 3.1, 11.19, 10.88, 10.24, 10.38, 10.73, 6.44, 8.24, 4.74, 9.24, 8.48, 10.7, 11.2, 11.55, 3.84, 10.24, 2.71, 9.33, 7.04, 4.49, 12.26, 9.76, 5.1, 5.98, 9.16, 10.09, 8.6, 11.6, 10.74, 8.72, 5.82, 9.69, 11.07, 14.14, 37.21, 11.89, 0, 8.31, 6.43, 8.63, 7.21, 4.75, 4.44, 10.28, 9.27, 4.3, 10, 7.82, 6, 3.05, 5.57, 9.53, 11.04, 5.27, 2.1, 3.09, 4.6, 9.72, 4.6, 10.23, 6.49, 3.43, 5.38, 10.39, 6.31, 9.46, 5.81, 10.03, 3.49, 4.97, 9.72, 7.49, 2.97, 7.2, 7.86, 2.98, 6, 4.12, 5.9, 7.94, 4.49, 8.63, 3.16, 3.19, 7.83, 36.42, 9.83, 8.31, 0, 2.61, 5.33, 6.68, 5.9, 5.11, 4.13, 2.55, 4.16, 4.18, 3.39, 6.36, 10.22, 5.22, 6.79, 2.79, 5.07, 9.37, 6.91, 3.85, 3.72, 4.56, 5.38, 2.65, 7.27, 3.13, 3.1, 5.28, 5.99, 3.93, 9.03, 5.11, 7.66, 5.41, 5.63, 7.43, 5.69, 4, 8.1, 3.62, 8.98, 5.6, 3.32, 9.57, 4.02, 7.78, 5.25, 8.38, 35.85, 8.17, 6.43, 2.61, 0, 3.63, 7.32, 3.3, 2.58, 4.03, 2.84, 3, 5.59, 2.56, 3.8, 7.87, 5.35, 5.09, 5.28, 5.04, 7.39, 5.62, 2.88, 3.46, 2.9, 4.53, 2.13, 4.76, 2.62, 4.81, 5.74, 4.49, 4.16, 7, 2.95, 5.05, 4.25, 6.55, 5.13, 3.39, 3.15, 5.64, 3.96, 6.42, 5.86, 4.85, 7, 2.78, 5.44, 3.87, 8.91, 34.14, 4.58, 8.63, 5.33, 3.63, 0, 10.95, 3.96, 4.21, 2.83, 3.34, 5.13, 5.6, 2.74, 3.08, 8.86, 8.95, 2.06, 7.11, 8.63, 9.32, 8.58, 6.36, 2.56, 4.23, 2.5, 4.67, 5.66, 6.23, 6.96, 9.37, 1.74, 7.79, 3.74, 5.42, 4.85, 2.28, 10.17, 6.69, 2.25, 1.94, 6.58, 7.59, 6.68, 9.47, 8.31, 7.09, 1.93, 6.81, 6.98, 10.44, 39.3, 12.87, 7.21, 6.68, 7.32, 10.95, 0, 8.93, 7.95, 10.7, 9.12, 6.34, 10.67, 9.1, 10.15, 10.24, 2.95, 10.32, 8.08, 2.5, 8.14, 5, 4.8, 10.21, 7.49, 11.67, 6.33, 9.03, 4.74, 7.39, 2.19, 11.81, 3.16, 11.74, 6.76, 10.36, 11.5, 1.67, 8.16, 10.43, 9.59, 9.27, 3.37, 10.56, 2.22, 3.61, 11.1, 10, 8.55, 5.07, 2.35, 35.32, 7.28, 4.75, 5.9, 3.3, 3.96, 8.93, 0, 1.95, 6.11, 5.57, 2.65, 8.41, 3.73, 1.89, 5.03, 6.81, 4.78, 8.57, 6.43, 5.38, 5.2, 4.2, 5.59, 2.18, 5.68, 4.14, 2.45, 4.58, 8.11, 7.44, 4.75, 6.05, 5.55, 3.07, 2.47, 5.11, 8.53, 2.74, 2.46, 3.52, 2.7, 6, 3.2, 7.33, 7.52, 3.75, 4.29, 2.85, 4.02, 10.24, 35.72, 7.99, 4.44, 5.11, 2.58, 4.21, 7.95, 1.95, 0, 5.94, 5.16, 2.28, 8, 3.48, 3.09, 5.35, 5.82, 5.27, 7.85, 5.45, 5.23, 4.49, 3.2, 5.39, 1.12, 5.79, 3.28, 3.03, 3.57, 7.34, 6.45, 5.08, 5.04, 6.36, 1.86, 2.72, 5.28, 7.52, 2.71, 2.94, 3.44, 3.07, 4.98, 3.87, 6.35, 6.53, 4.45, 4.21, 2.96, 3.12, 9.29, 34.5, 6.35, 10.28, 4.13, 4.03, 2.83, 10.7, 6.11, 5.94, 0, 2.2, 6.15, 2.8, 2.47, 5.64, 11.14, 8.99, 3.76, 4.86, 8.75, 11.16, 9.65, 6.84, 1.11, 5.69, 2.24, 4.59, 7.87, 6.39, 4.94, 9.2, 2.88, 7.69, 6.19, 6.81, 7.4, 2.81, 9.7, 8.65, 4.26, 2.59, 8.81, 7.42, 9.17, 9.44, 7.44, 9.64, 2.54, 8.86, 7.9, 10.31, 35.23, 7.54, 9.27, 2.55, 2.84, 3.34, 9.12, 5.57, 5.16, 2.2, 0, 5, 2.85, 2.66, 5.46, 10.5, 7.46, 4.65, 3.77, 7.24, 10.21, 8.39, 5.45, 2.27, 4.79, 2.9, 3.16, 7.26, 4.93, 3.67, 7.64, 3.78, 6.16, 7.04, 5.78, 7.11, 3.05, 8.12, 7.84, 4.32, 3.31, 8.19, 5.87, 8.76, 7.9, 5.86, 9.29, 2.72, 8.11, 6.63, 10.81, 36.4, 9.32, 4.3, 4.16, 3, 5.13, 6.34, 2.65, 2.28, 6.15, 5, 0, 7.71, 3.78, 3.81, 6.08, 4.21, 6.41, 6.94, 3.85, 5.3, 3.53, 2.17, 5.58, 2.22, 6.42, 3.14, 3.38, 2.73, 6.35, 4.82, 6.04, 3.4, 7.82, 1.85, 4.28, 6.02, 5.88, 3.29, 4.22, 4.01, 4.07, 3.35, 5.13, 4.75, 4.98, 5.73, 4.69, 3.66, 2.57, 7.74, 35.12, 8.88, 10, 4.18, 5.59, 5.6, 10.67, 8.41, 8, 2.8, 2.85, 7.71, 0, 4.7, 8.19, 11.12, 9.38, 6.53, 3.09, 9.24, 10.82, 10.92, 7.87, 3.07, 7.61, 4.31, 5.61, 10.11, 7.22, 3.55, 9.37, 5.66, 8.1, 8.94, 8.54, 9.9, 4.8, 9.53, 10.67, 6.92, 5.06, 11.04, 7.78, 11.58, 9.73, 7.09, 10.08, 4.42, 10.95, 9.18, 10.29, 35.03, 6.55, 7.82, 3.39, 2.56, 2.74, 9.1, 3.73, 3.48, 2.47, 2.66, 3.78, 4.7, 0, 3.54, 8.73, 7.18, 3.46, 5.46, 6.88, 8.69, 7.32, 4.72, 2.66, 3.23, 2.69, 2.77, 5.47, 4.45, 5.2, 7.53, 2.75, 5.96, 5.64, 4.36, 5.2, 2.41, 8.27, 6.19, 2.47, 1.18, 6.41, 5.73, 6.88, 7.68, 6.34, 7.4, 1.8, 6.41, 5.6, 10.72, 34.68, 5.94, 6, 6.36, 3.8, 3.08, 10.15, 1.89, 3.09, 5.64, 5.46, 3.81, 8.19, 3.54, 0, 5.8, 8.03, 3.6, 8.84, 7.66, 6.53, 6.56, 5.37, 5.19, 2.66, 4.89, 4.83, 2.71, 5.63, 8.47, 8.63, 3.74, 7.17, 4.19, 3.53, 2.47, 4.27, 9.67, 3.91, 2.03, 3.13, 3.57, 7.08, 3.6, 8.56, 8.44, 4.03, 3.82, 3.92, 5.34, 11.52, 36.21, 11.01, 3.05, 10.22, 7.87, 8.86, 10.24, 5.03, 5.35, 11.14, 10.5, 6.08, 11.12, 8.73, 5.8, 0, 8.49, 9.32, 10.84, 8.16, 3.29, 5.24, 6.98, 10.62, 5.78, 10.64, 8.32, 3.27, 7.71, 10.36, 9.24, 9.54, 8.52, 9.06, 5.12, 4.14, 10.04, 10.44, 2.8, 7.25, 8.55, 3.24, 8.65, 2.4, 8.87, 10.57, 3.27, 9.33, 2.44, 5.74, 10.87, 38.34, 11.16, 5.57, 5.22, 5.35, 8.95, 2.95, 6.81, 5.82, 8.99, 7.46, 4.21, 9.38, 7.18, 8.03, 8.49, 0, 10.37, 7.2, 0.73, 6.6, 3.37, 2.69, 8.46, 5.37, 9.81, 4.45, 6.97, 2.73, 6.48, 1.44, 9.83, 1.82, 11.99, 4.65, 8.26, 9.59, 2.71, 6.2, 8.34, 7.62, 7.29, 2.24, 8.56, 1.02, 2.92, 9.12, 8.1, 6.6, 3.01, 3.58, 33.45, 3.1, 9.53, 6.79, 5.09, 2.06, 10.32, 4.78, 5.27, 3.76, 4.65, 6.41, 6.53, 3.46, 3.6, 9.32, 10.37, 0, 8.4, 10.04, 10.11, 9.74, 7.74, 3.67, 5.41, 3.13, 6.14, 6.31, 7.65, 8.31, 10.81, 1.71, 9.23, 2.43, 6.57, 5.19, 2.41, 11.64, 7.48, 3.25, 2.88, 7.16, 9.04, 6.99, 10.89, 9.79, 7.3, 2.79, 7.52, 8.23, 11.62, 36.57, 11.19, 11.04, 2.79, 5.28, 7.11, 8.08, 8.57, 7.85, 4.86, 3.77, 6.94, 3.09, 5.46, 8.84, 10.84, 7.2, 8.4, 0, 7.16, 10.09, 9.48, 6.48, 4.76, 7.32, 6.46, 4.69, 10.02, 5.71, 1.38, 6.99, 7.52, 6.04, 10.81, 7.9, 10.29, 6.74, 6.88, 10.21, 7.92, 6.02, 10.87, 5.73, 11.71, 7.43, 4.49, 10.24, 5.71, 10.57, 7.91, 9.71, 38.18, 10.88, 5.27, 5.07, 5.04, 8.63, 2.5, 6.43, 5.45, 8.75, 7.24, 3.85, 9.24, 6.88, 7.66, 8.16, 0.73, 10.04, 7.16, 0, 6.31, 3.09, 3.24, 8.22, 5, 9.54, 4.19, 6.6, 2.43, 6.44, 2.12, 9.51, 2.22, 11.64, 4.27, 7.88, 9.29, 3.2, 5.83, 7.99, 7.31, 6.92, 2.04, 8.19, 1.74, 3.01, 8.76, 7.81, 6.24, 2.64, 3.92, 37.19, 10.24, 2.1, 9.37, 7.39, 9.32, 8.14, 5.38, 5.23, 11.16, 10.21, 5.3, 10.82, 8.69, 6.53, 3.29, 6.6, 10.11, 10.09, 6.31, 0, 3.23, 5.69, 10.59, 5.47, 10.99, 7.52, 3.83, 6.47, 11.46, 7.33, 10.13, 6.89, 10.38, 4.44, 5.25, 10.45, 8.49, 2.64, 7.83, 8.67, 3.14, 7.08, 4.04, 6.9, 9.03, 4.28, 9.45, 2.61, 4.28, 8.62, 37.75, 10.38, 3.09, 6.91, 5.62, 8.58, 5, 5.2, 4.49, 9.65, 8.39, 3.53, 10.92, 7.32, 6.56, 5.24, 3.37, 9.74, 9.48, 3.09, 3.23, 0, 3.07, 9.07, 4.35, 9.95, 5.31, 4.56, 3.79, 8.79, 4.1, 9.47, 3.79, 10.75, 3.17, 6.09, 9.53, 5.27, 3.42, 7.43, 7.53, 4.53, 4.02, 5.81, 3.68, 5.93, 6.29, 8.22, 3.77, 2.44, 5.75, 37.08, 10.73, 4.6, 3.85, 2.88, 6.36, 4.8, 4.2, 3.2, 6.84, 5.45, 2.17, 7.87, 4.72, 5.37, 6.98, 2.69, 7.74, 6.48, 3.24, 5.69, 3.07, 0, 6.27, 2.7, 7.41, 3.2, 4.71, 1.5, 5.82, 3.26, 7.26, 2.58, 9.3, 3.07, 5.79, 7.11, 4.33, 4.29, 5.66, 5.09, 5.25, 2.57, 6.43, 3.22, 3.65, 7.02, 5.66, 4.7, 1.98, 6.25, 34.67, 6.44, 9.72, 3.72, 3.46, 2.56, 10.21, 5.59, 5.39, 1.11, 2.27, 5.58, 3.07, 2.66, 5.19, 10.62, 8.46, 3.67, 4.76, 8.22, 10.59, 9.07, 6.27, 0, 5.13, 2.42, 4.05, 7.35, 5.84, 4.76, 8.7, 2.78, 7.17, 6.11, 6.24, 6.94, 2.75, 9.23, 8.1, 3.86, 2.91, 8.29, 6.9, 8.69, 8.92, 7.02, 9.18, 1.91, 8.32, 7.33, 11.88, 35.87, 8.24, 4.6, 4.56, 2.9, 4.23, 7.49, 2.18, 1.12, 5.69, 4.79, 2.22, 7.61, 3.23, 2.66, 5.78, 5.37, 5.41, 7.32, 5, 5.47, 4.35, 2.7, 5.13, 0, 5.7, 2.71, 2.71, 3.02, 6.79, 5.97, 5.12, 4.53, 6.69, 2.3, 3.3, 5.23, 7.02, 3.06, 3.14, 3.29, 3.56, 4.45, 4.42, 5.9, 5.96, 5.01, 4.04, 3.36, 2.84, 8.88, 33.89, 4.74, 10.23, 5.38, 4.53, 2.5, 11.67, 5.68, 5.79, 2.24, 2.9, 6.42, 4.31, 2.69, 4.89, 10.64, 9.81, 3.13, 6.46, 9.54, 10.99, 9.95, 7.41, 2.42, 5.7, 0, 5.36, 7.42, 7.11, 6.49, 10.12, 2, 8.56, 4.63, 6.88, 6.66, 1.22, 10.76, 8.39, 3.42, 2.42, 8.34, 8.31, 8.48, 10.3, 8.64, 8.89, 2.44, 8.53, 8.26, 11.1, 36.33, 9.24, 6.49, 2.65, 2.13, 4.67, 6.33, 4.14, 3.28, 4.59, 3.16, 3.14, 5.61, 2.77, 4.83, 8.32, 4.45, 6.14, 4.69, 4.19, 7.52, 5.31, 3.2, 4.05, 2.71, 5.36, 0, 5.4, 2.49, 4.12, 4.77, 5.5, 3.2, 8.1, 3.21, 5.92, 5.16, 5.5, 5.52, 4.5, 3.28, 6.2, 2.96, 7.13, 4.94, 3.74, 7.72, 3.67, 5.88, 3.57, 7.96, 35.64, 8.48, 3.43, 7.27, 4.76, 5.66, 9.03, 2.45, 3.03, 7.87, 7.26, 3.38, 10.11, 5.47, 2.71, 3.27, 6.97, 6.31, 10.02, 6.6, 3.83, 4.56, 4.71, 7.35, 2.71, 7.42, 5.4, 0, 5.3, 9.5, 7.69, 6.41, 6.53, 6.6, 2.51, 2.18, 6.84, 8.86, 1.81, 4.09, 5.28, 1.82, 6.55, 2.44, 7.46, 8.32, 3.27, 6.06, 1.7, 3.96, 10.12, 37.06, 10.7, 5.38, 3.13, 2.62, 6.23, 4.74, 4.58, 3.57, 6.39, 4.93, 2.73, 7.22, 4.45, 5.63, 7.71, 2.73, 7.65, 5.71, 2.43, 6.47, 3.79, 1.5, 5.84, 3.02, 7.11, 2.49, 5.3, 0, 5.04, 3.16, 7.1, 2.22, 9.39, 2.79, 6.25, 6.86, 4.08, 4.99, 5.72, 4.89, 5.91, 2.03, 7.04, 3.24, 3.02, 7.64, 5.38, 5.39, 3.06, 6.3, 36.72, 11.2, 10.39, 3.1, 4.81, 6.96, 7.39, 8.11, 7.34, 4.94, 3.67, 6.35, 3.55, 5.2, 8.47, 10.36, 6.48, 8.31, 1.38, 6.44, 11.46, 8.79, 5.82, 4.76, 6.79, 6.49, 4.12, 9.5, 5.04, 0, 6.28, 7.45, 5.32, 10.69, 7.31, 9.85, 6.71, 6.21, 9.63, 7.64, 5.79, 10.32, 5.02, 11.21, 6.72, 3.79, 11.79, 5.57, 10, 7.24, 9.04, 38.55, 11.55, 6.31, 5.28, 5.74, 9.37, 2.19, 7.44, 6.45, 9.2, 7.64, 4.82, 9.37, 7.53, 8.63, 9.24, 1.44, 10.81, 6.99, 2.12, 7.33, 4.1, 3.26, 8.7, 5.97, 10.12, 4.77, 7.69, 3.16, 6.28, 0, 10.23, 2.2, 10.44, 5.32, 8.94, 9.94, 1.67, 6.94, 8.86, 8.01, 8.03, 2.52, 9.3, 0.99, 2.56, 9.86, 8.44, 7.34, 3.74, 3.19, 33.74, 3.84, 9.46, 5.99, 4.49, 1.74, 11.81, 4.75, 5.08, 2.88, 3.78, 6.04, 5.66, 2.75, 3.74, 9.54, 9.83, 1.71, 7.52, 9.51, 10.13, 9.47, 7.26, 2.78, 5.12, 2, 5.5, 6.41, 7.1, 7.45, 10.23, 0, 8.65, 3.32, 6.31, 5.46, 1.67, 11, 7.49, 3.22, 3.09, 7.3, 8.44, 7.29, 10.34, 9.07, 7.65, 2.74, 7.58, 7.88, 11.16, 37.81, 10.24, 5.81, 3.93, 4.16, 7.79, 3.16, 6.05, 5.04, 7.69, 6.16, 3.4, 8.1, 5.96, 7.17, 8.52, 1.82, 9.23, 6.04, 2.22, 6.89, 3.79, 2.58, 7.17, 4.53, 8.56, 3.2, 6.53, 2.22, 5.32, 2.2, 8.65, 0, 10.98, 4.05, 7.65, 8.36, 2.5, 5.97, 7.32, 6.43, 7, 0.6, 8.22, 2.43, 2.97, 8.8, 6.87, 6.38, 2.78, 4.76, 32.72, 2.71, 10.03, 9.03, 7, 3.74, 11.74, 5.55, 6.36, 6.19, 7.04, 7.82, 8.94, 5.64, 4.19, 9.06, 11.99, 2.43, 10.81, 11.64, 10.38, 10.75, 9.3, 6.11, 6.69, 4.63, 8.1, 6.6, 9.39, 10.69, 10.44, 3.32, 10.98, 0, 7.69, 5.13, 4.16, 11.22, 7.9, 3.67, 5.03, 7.25, 10.83, 6.66, 10.44, 11.84, 6.78, 5.12, 7.81, 9.48, 12.96, 36.34, 9.33, 3.49, 5.11, 2.95, 5.42, 6.76, 3.07, 1.86, 6.81, 5.78, 1.85, 8.54, 4.36, 3.53, 5.12, 4.65, 6.57, 7.9, 4.27, 4.44, 3.17, 3.07, 6.24, 2.3, 6.88, 3.21, 2.51, 2.79, 7.31, 5.32, 6.31, 4.05, 7.69, 0, 3.62, 6.42, 6.46, 3.23, 4.26, 4.47, 3.14, 4.06, 4.25, 5.16, 5.81, 4.85, 5.21, 2.7, 2.51, 8.03, 34.9, 7.04, 4.97, 7.66, 5.05, 4.85, 10.36, 2.47, 2.72, 7.4, 7.11, 4.28, 9.9, 5.2, 2.47, 4.14, 8.26, 5.19, 10.29, 7.88, 5.25, 6.09, 5.79, 6.94, 3.3, 6.66, 5.92, 2.18, 6.25, 9.85, 8.94, 5.46, 7.65, 5.13, 3.62, 0, 6.03, 10.08, 2.86, 3.23, 4.86, 2.94, 7.62, 2.54, 8.77, 9.24, 3.12, 5.58, 2.7, 5.3, 11.54, 33.92, 4.49, 9.72, 5.41, 4.25, 2.28, 11.5, 5.11, 5.28, 2.81, 3.05, 6.02, 4.8, 2.41, 4.27, 10.04, 9.59, 2.41, 6.74, 9.29, 10.45, 9.53, 7.11, 2.75, 5.23, 1.22, 5.16, 6.84, 6.86, 6.71, 9.94, 1.67, 8.36, 4.16, 6.42, 6.03, 0, 10.63, 7.83, 2.81, 2.82, 7.75, 8.13, 7.86, 10.08, 8.59, 8.27, 2.08, 7.96, 7.87, 10.94, 38.93, 12.26, 7.49, 5.63, 6.55, 10.17, 1.67, 8.53, 7.52, 9.7, 8.12, 5.88, 9.53, 8.27, 9.67, 10.44, 2.71, 11.64, 6.88, 3.2, 8.49, 5.27, 4.33, 9.23, 7.02, 10.76, 5.5, 8.86, 4.08, 6.21, 1.67, 11, 2.5, 11.22, 6.46, 10.08, 10.63, 0, 8.14, 9.79, 8.78, 9.22, 2.63, 10.49, 2.21, 2.44, 11.05, 9.13, 8.54, 4.93, 2.83, 36.24, 9.76, 2.97, 7.43, 5.13, 6.69, 8.16, 2.74, 2.71, 8.65, 7.84, 3.29, 10.67, 6.19, 3.91, 2.8, 6.2, 7.48, 10.21, 5.83, 2.64, 3.42, 4.29, 8.1, 3.06, 8.39, 5.52, 1.81, 4.99, 9.63, 6.94, 7.49, 5.97, 7.9, 3.23, 2.86, 7.83, 8.14, 0, 5.19, 6.11, 2.15, 6.06, 2.41, 6.65, 7.93, 2.94, 6.89, 0.8, 3.23, 9.12, 34.41, 5.1, 7.2, 5.69, 3.39, 2.25, 10.43, 2.46, 2.94, 4.26, 4.32, 4.22, 6.92, 2.47, 2.03, 7.25, 8.34, 3.25, 7.92, 7.99, 7.83, 7.43, 5.66, 3.86, 3.14, 3.42, 4.5, 4.09, 5.72, 7.64, 8.86, 3.22, 7.32, 3.67, 4.26, 3.23, 2.81, 9.79, 5.19, 0, 2.68, 4.98, 7.16, 5.06, 8.87, 8.24, 5.47, 2.5, 5.26, 5.98, 11.91, 34.79, 5.98, 7.86, 4, 3.15, 1.94, 9.59, 3.52, 3.44, 2.59, 3.31, 4.01, 5.06, 1.18, 3.13, 8.55, 7.62, 2.88, 6.02, 7.31, 8.67, 7.53, 5.09, 2.91, 3.29, 2.42, 3.28, 5.28, 4.89, 5.79, 8.01, 3.09, 6.43, 5.03, 4.47, 4.86, 2.82, 8.78, 6.11, 2.68, 0, 6.23, 6.21, 6.6, 8.13, 6.91, 7.09, 1.5, 6.3, 5.85, 11.18, 35.8, 9.16, 2.98, 8.1, 5.64, 6.58, 9.27, 2.7, 3.07, 8.81, 8.19, 4.07, 11.04, 6.41, 3.57, 3.24, 7.29, 7.16, 10.87, 6.92, 3.14, 4.53, 5.25, 8.29, 3.56, 8.34, 6.2, 1.82, 5.91, 10.32, 8.03, 7.3, 7, 7.25, 3.14, 2.94, 7.75, 9.22, 2.15, 4.98, 6.23, 0, 7.06, 1.8, 7.75, 8.9, 2.54, 7, 1.47, 4.3, 10.23, 37.71, 10.09, 6, 3.62, 3.96, 7.59, 3.37, 6, 4.98, 7.42, 5.87, 3.35, 7.78, 5.73, 7.08, 8.65, 2.24, 9.04, 5.73, 2.04, 7.08, 4.02, 2.57, 6.9, 4.45, 8.31, 2.96, 6.55, 2.03, 5.02, 2.52, 8.44, 0.6, 10.83, 4.06, 7.62, 8.13, 2.63, 6.06, 7.16, 6.21, 7.06, 0, 8.26, 2.82, 2.7, 8.85, 6.63, 6.47, 2.91, 5.01, 35.3, 8.6, 4.12, 8.98, 6.42, 6.68, 10.56, 3.2, 3.87, 9.17, 8.76, 5.13, 11.58, 6.88, 3.6, 2.4, 8.56, 6.99, 11.71, 8.19, 4.04, 5.81, 6.43, 8.69, 4.42, 8.48, 7.13, 2.44, 7.04, 11.21, 9.3, 7.29, 8.22, 6.66, 4.25, 2.54, 7.86, 10.49, 2.41, 5.06, 6.6, 1.8, 8.26, 0, 9.03, 10.06, 1.15, 7.34, 2.84, 5.56, 11.52, 38.58, 11.6, 5.9, 5.6, 5.86, 9.47, 2.22, 7.33, 6.35, 9.44, 7.9, 4.75, 9.73, 7.68, 8.56, 8.87, 1.02, 10.89, 7.43, 1.74, 6.9, 3.68, 3.22, 8.92, 5.9, 10.3, 4.94, 7.46, 3.24, 6.72, 0.99, 10.34, 2.43, 10.44, 5.16, 8.77, 10.08, 2.21, 6.65, 8.87, 8.13, 7.75, 2.82, 9.03, 0, 3.04, 9.58, 8.59, 7.05, 3.5, 3.06, 37.97, 10.74, 7.94, 3.32, 4.85, 8.31, 3.61, 7.52, 6.53, 7.44, 5.86, 4.98, 7.09, 6.34, 8.44, 10.57, 2.92, 9.79, 4.49, 3.01, 9.03, 5.93, 3.65, 7.02, 5.96, 8.64, 3.74, 8.32, 3.02, 3.79, 2.56, 9.07, 2.97, 11.84, 5.81, 9.24, 8.59, 2.44, 7.93, 8.24, 6.91, 8.9, 2.7, 10.06, 3.04, 0, 10.65, 7.13, 8.34, 4.84, 5.27, 35.18, 8.72, 4.49, 9.57, 7, 7.09, 11.1, 3.75, 4.45, 9.64, 9.29, 5.73, 10.08, 7.4, 4.03, 3.27, 9.12, 7.3, 10.24, 8.76, 4.28, 6.29, 7.02, 9.18, 5.01, 8.89, 7.72, 3.27, 7.64, 11.79, 9.86, 7.65, 8.8, 6.78, 4.85, 3.12, 8.27, 11.05, 2.94, 5.47, 7.09, 2.54, 8.85, 1.15, 9.58, 10.65, 0, 7.82, 2.55, 6.12, 10.02, 34.63, 5.82, 8.63, 4.02, 2.78, 1.93, 10, 4.29, 4.21, 2.54, 2.72, 4.69, 4.42, 1.8, 3.82, 9.33, 8.1, 2.79, 5.71, 7.81, 9.45, 8.22, 5.66, 1.91, 4.04, 2.44, 3.67, 6.06, 5.38, 5.57, 8.44, 2.74, 6.87, 5.12, 5.21, 5.58, 2.08, 9.13, 6.89, 2.5, 1.5, 7, 6.63, 7.34, 8.59, 7.13, 7.82, 0, 7.08, 6.52, 11.63, 36.14, 9.69, 3.16, 7.78, 5.44, 6.81, 8.55, 2.85, 2.96, 8.86, 8.11, 3.66, 10.95, 6.41, 3.92, 2.44, 6.6, 7.52, 10.57, 6.24, 2.61, 3.77, 4.7, 8.32, 3.36, 8.53, 5.88, 1.7, 5.39, 10, 7.34, 7.58, 6.38, 7.81, 2.7, 2.7, 7.96, 8.54, 0.8, 5.26, 6.3, 1.47, 6.47, 2.84, 7.05, 8.34, 2.55, 7.08, 0, 3.64, 9.48, 37.19, 11.07, 3.19, 5.25, 3.87, 6.98, 5.07, 4.02, 3.12, 7.9, 6.63, 2.57, 9.18, 5.6, 5.34, 5.74, 3.01, 8.23, 7.91, 2.64, 4.28, 2.44, 1.98, 7.33, 2.84, 8.26, 3.57, 3.96, 3.06, 7.24, 3.74, 7.88, 2.78, 9.48, 2.51, 5.3, 7.87, 4.93, 3.23, 5.98, 5.85, 4.3, 2.91, 5.56, 3.5, 4.84, 6.12, 6.52, 3.64, 0, 6.25, 40.02, 14.14, 7.83, 8.38, 8.91, 10.44, 2.35, 10.24, 9.29, 10.31, 10.81, 7.74, 10.29, 10.72, 11.52, 10.87, 3.58, 11.62, 9.71, 3.92, 8.62, 5.75, 6.25, 11.88, 8.88, 11.1, 7.96, 10.12, 6.3, 9.04, 3.19, 11.16, 4.76, 12.96, 8.03, 11.54, 10.94, 2.83, 9.12, 11.91, 11.18, 10.23, 5.01, 11.52, 3.06, 5.27, 10.02, 11.63, 9.48, 6.25, 0, 0, 33.94, 39.44, 38.61, 38, 36.18, 41.66, 37.44, 37.86, 36.57, 37.34, 38.58, 37.23, 37.13, 36.76, 38.38, 40.64, 35.46, 38.76, 40.47, 39.42, 40.01, 39.3, 36.75, 38.03, 35.93, 38.51, 37.78, 39.29, 38.92, 40.87, 35.76, 40.08, 34.68, 38.52, 37, 35.96, 41.26, 38.42, 36.48, 36.87, 37.95, 39.98, 37.41, 40.9, 40.25, 37.29, 36.7, 38.31, 39.42, 42.43, 33.94, 0, 12.92, 10.69, 8.88, 4.98, 14.3, 7.91, 8.68, 6.9, 8.2, 10.13, 9.65, 7.12, 6.45, 11.96, 12.4, 3.37, 12.17, 12.08, 11.37, 11.53, 11.66, 7, 8.96, 5.15, 10.04, 9.21, 11.63, 12.17, 12.84, 4.18, 11.38, 2.87, 10.14, 7.66, 4.88, 13.62, 10.6, 5.55, 6.5, 9.96, 11.21, 9.35, 12.89, 11.93, 9.48, 6.32, 10.54, 12.04, 15.71, 39.44, 12.92, 0, 9.04, 6.99, 9.38, 7.84, 5.16, 4.83, 11.18, 10.07, 4.67, 11.12, 8.5, 6.52, 3.32, 6.05, 10.36, 12, 5.73, 2.28, 3.28, 5, 10.56, 5, 11.12, 7.06, 3.73, 5.85, 11.29, 6.86, 10.29, 6.32, 10.91, 3.8, 5.41, 10.57, 8.14, 3.14, 7.83, 8.55, 3.23, 6.52, 4.47, 6.41, 8.63, 4.88, 9.38, 3.35, 3.47, 8.51, 38.61, 10.69, 9.04, 0, 2.84, 5.79, 7.27, 6.41, 5.56, 4.49, 2.77, 4.52, 4.54, 3.68, 6.91, 11.11, 5.68, 7.38, 3.03, 5.51, 10.18, 7.51, 4.19, 4.04, 4.96, 5.85, 2.8, 7.91, 3.4, 3.28, 5.73, 6.51, 4.27, 9.81, 5.55, 8.33, 5.88, 6.11, 8.07, 6.19, 4.35, 8.8, 3.93, 9.76, 6.09, 3.61, 10.4, 4.36, 8.46, 5.71, 9.11, 38, 8.88, 6.99, 2.84, 0, 3.95, 7.95, 3.58, 2.8, 4.39, 3.09, 3.18, 6.08, 2.71, 4.13, 8.55, 5.81, 5.53, 5.74, 5.48, 8.03, 6.1, 3.14, 3.76, 3.07, 4.92, 2.31, 5.18, 2.84, 5.23, 6.24, 4.88, 4.52, 7.61, 3.21, 5.49, 4.62, 7.12, 5.57, 3.69, 3.34, 6.13, 4.3, 6.98, 6.37, 5.27, 7.61, 3.02, 5.91, 4.2, 9.68, 36.18, 4.98, 9.38, 5.79, 3.95, 0, 11.9, 4.3, 4.58, 3.08, 3.63, 5.58, 6.09, 2.9, 3.35, 9.63, 9.73, 2.18, 7.72, 9.38, 10.13, 9.32, 6.92, 2.78, 4.6, 2.65, 5.08, 6.15, 6.77, 7.56, 10.19, 1.88, 8.47, 4.06, 5.9, 5.27, 2.47, 11.05, 7.27, 2.39, 2.05, 7.15, 8.25, 7.26, 10.29, 9.03, 7.71, 2.05, 7.4, 7.59, 11.6, 41.66, 14.3, 7.84, 7.27, 7.95, 11.9, 0, 9.71, 8.64, 11.63, 9.92, 6.89, 11.6, 9.89, 11.03, 11.13, 3.13, 11.47, 8.78, 2.72, 8.84, 5.43, 5.22, 11.09, 8.14, 12.69, 6.88, 9.82, 5.15, 8.04, 2.32, 12.83, 3.43, 13.04, 7.35, 11.26, 12.5, 1.77, 8.87, 11.33, 10.42, 10.08, 3.67, 11.48, 2.35, 3.92, 12.07, 10.87, 9.3, 5.51, 2.49, 37.44, 7.91, 5.16, 6.41, 3.58, 4.3, 9.71, 0, 2.11, 6.64, 6.05, 2.88, 9.14, 4.05, 2, 5.47, 7.4, 5.19, 9.32, 6.99, 5.84, 5.65, 4.57, 6.08, 2.3, 6.18, 4.51, 2.59, 4.97, 8.81, 8.09, 5.17, 6.58, 6.03, 3.25, 2.61, 5.56, 9.27, 2.97, 2.67, 3.83, 2.94, 6.52, 3.47, 7.97, 8.18, 4.07, 4.67, 3.1, 4.36, 11.13, 37.86, 8.68, 4.83, 5.56, 2.8, 4.58, 8.64, 2.11, 0, 6.46, 5.61, 2.41, 8.7, 3.78, 3.28, 5.81, 6.33, 5.73, 8.53, 5.92, 5.69, 4.88, 3.47, 5.86, 1.22, 6.29, 3.56, 3.21, 3.88, 7.98, 7.01, 5.52, 5.48, 6.91, 1.97, 2.95, 5.74, 8.18, 2.95, 3.2, 3.74, 3.34, 5.42, 4.2, 6.9, 7.1, 4.84, 4.58, 3.21, 3.39, 10.1, 36.57, 6.9, 11.18, 4.49, 4.39, 3.08, 11.63, 6.64, 6.46, 0, 2.33, 6.69, 3.04, 2.68, 6.13, 12.11, 9.77, 4.09, 5.29, 9.51, 12.13, 10.49, 7.43, 1.2, 6.19, 2.38, 4.99, 8.55, 6.94, 5.37, 10, 3.13, 8.36, 6.73, 7.4, 8.04, 2.98, 10.54, 9.4, 4.63, 2.81, 9.58, 8.06, 9.97, 10.26, 8.09, 10.48, 2.69, 9.63, 8.59, 11.46, 37.34, 8.2, 10.07, 2.77, 3.09, 3.63, 9.92, 6.05, 5.61, 2.33, 0, 5.43, 3.09, 2.82, 5.93, 11.41, 8.11, 5.05, 4.1, 7.87, 11.1, 9.12, 5.93, 2.46, 5.2, 3.15, 3.43, 7.9, 5.36, 3.99, 8.3, 4.1, 6.69, 7.65, 6.28, 7.73, 3.32, 8.82, 8.53, 4.69, 3.51, 8.91, 6.38, 9.52, 8.59, 6.37, 10.09, 2.88, 8.82, 7.21, 11.75, 38.58, 10.13, 4.67, 4.52, 3.18, 5.58, 6.89, 2.88, 2.41, 6.69, 5.43, 0, 8.38, 4.11, 4.15, 6.61, 4.58, 6.97, 7.54, 4.18, 5.76, 3.84, 2.29, 6.06, 2.4, 6.98, 3.33, 3.67, 2.89, 6.9, 5.24, 6.56, 3.7, 8.5, 2, 4.66, 6.55, 6.4, 3.57, 4.59, 4.35, 4.42, 3.64, 5.57, 5.16, 5.41, 6.23, 5.09, 3.98, 2.72, 8.41, 37.23, 9.65, 11.12, 4.54, 6.08, 6.09, 11.6, 9.14, 8.7, 3.04, 3.09, 8.38, 0, 5.11, 8.91, 12.36, 10.2, 7.1, 3.36, 10.05, 12.02, 11.86, 8.55, 3.33, 8.27, 4.68, 6.1, 10.99, 7.84, 3.86, 10.18, 6.16, 8.8, 9.72, 9.29, 10.76, 5.22, 10.36, 11.6, 7.52, 5.5, 12, 8.46, 12.59, 10.58, 7.71, 11.2, 4.81, 11.9, 9.98, 11.44, 37.13, 7.12, 8.5, 3.68, 2.71, 2.9, 9.89, 4.05, 3.78, 2.68, 2.82, 4.11, 5.11, 0, 3.85, 9.49, 7.8, 3.76, 5.93, 7.48, 9.44, 7.95, 5.13, 2.81, 3.51, 2.92, 3.01, 5.94, 4.84, 5.65, 8.19, 2.99, 6.47, 6.13, 4.74, 5.66, 2.62, 8.98, 6.73, 2.68, 1.28, 6.97, 6.23, 7.48, 8.34, 6.89, 8.04, 1.95, 6.97, 6.09, 11.65, 36.76, 6.45, 6.52, 6.91, 4.13, 3.35, 11.03, 2, 3.28, 6.13, 5.93, 4.15, 8.91, 3.85, 0, 6.3, 8.72, 3.91, 9.61, 8.32, 7.09, 7.13, 5.83, 5.65, 2.89, 5.31, 5.25, 2.95, 6.11, 9.21, 9.38, 4.07, 7.8, 4.55, 3.84, 2.62, 4.64, 10.51, 4.25, 2.15, 3.4, 3.88, 7.69, 3.91, 9.3, 9.17, 4.38, 4.15, 4.27, 5.8, 12.52, 38.38, 11.96, 3.32, 11.11, 8.55, 9.63, 11.13, 5.47, 5.81, 12.11, 11.41, 6.61, 12.36, 9.49, 6.3, 0, 9.23, 10.13, 12.04, 8.87, 3.49, 5.69, 7.58, 11.54, 6.29, 11.57, 9.04, 3.56, 8.38, 11.51, 10.05, 10.37, 9.26, 9.85, 5.57, 4.49, 10.91, 11.35, 3.04, 7.88, 9.3, 3.43, 9.4, 2.61, 9.64, 11.49, 3.46, 10.14, 2.66, 6.24, 11.82, 40.64, 12.4, 6.05, 5.68, 5.81, 9.73, 3.13, 7.4, 6.33, 9.77, 8.11, 4.58, 10.2, 7.8, 8.72, 9.23, 0, 11.27, 7.82, 0.79, 7.17, 3.66, 2.92, 9.2, 5.84, 10.67, 4.84, 7.58, 2.97, 7.05, 1.57, 10.68, 1.93, 13.03, 5.05, 8.98, 10.42, 2.87, 6.74, 9.07, 8.28, 7.93, 2.37, 9.31, 1.11, 3.17, 9.92, 8.8, 7.18, 3.28, 3.89, 35.46, 3.37, 10.36, 7.38, 5.53, 2.18, 11.47, 5.19, 5.73, 4.09, 5.05, 6.97, 7.1, 3.76, 3.91, 10.13, 11.27, 0, 9.13, 10.91, 10.99, 10.59, 8.41, 3.99, 5.88, 3.31, 6.68, 6.86, 8.32, 9.04, 11.75, 1.86, 10.04, 2.65, 7.14, 5.64, 2.56, 12.65, 8.13, 3.44, 3.13, 7.78, 9.82, 7.6, 11.83, 10.64, 7.94, 3.03, 8.18, 8.95, 12.91, 38.76, 12.17, 12, 3.03, 5.74, 7.72, 8.78, 9.32, 8.53, 5.29, 4.1, 7.54, 3.36, 5.93, 9.61, 12.04, 7.82, 9.13, 0, 7.78, 11.21, 10.31, 7.05, 5.18, 7.95, 7.02, 5.1, 10.9, 6.21, 1.49, 7.6, 8.17, 6.56, 11.75, 8.58, 11.19, 7.33, 7.48, 11.1, 8.61, 6.55, 11.81, 6.23, 12.73, 8.08, 4.88, 11.38, 6.21, 11.49, 8.6, 10.55, 40.47, 12.08, 5.73, 5.51, 5.48, 9.38, 2.72, 6.99, 5.92, 9.51, 7.87, 4.18, 10.05, 7.48, 8.32, 8.87, 0.79, 10.91, 7.78, 0, 6.86, 3.36, 3.43, 8.93, 5.43, 10.36, 4.55, 7.17, 2.65, 7, 2.3, 10.34, 2.4, 12.65, 4.64, 8.56, 10.1, 3.39, 6.34, 8.68, 7.95, 7.53, 2.16, 8.91, 1.88, 3.27, 9.52, 8.49, 6.78, 2.87, 4.26, 39.42, 11.37, 2.28, 10.18, 8.03, 10.13, 8.84, 5.84, 5.69, 12.13, 11.1, 5.76, 12.02, 9.44, 7.09, 3.49, 7.17, 10.99, 11.21, 6.86, 0, 3.51, 6.18, 11.51, 5.94, 11.95, 8.18, 4.17, 7.03, 12.46, 7.96, 11.01, 7.49, 11.29, 4.82, 5.71, 11.36, 9.23, 2.87, 8.51, 9.43, 3.41, 7.7, 4.39, 7.5, 9.81, 4.65, 10.27, 2.84, 4.65, 9.37, 40.01, 11.53, 3.28, 7.51, 6.1, 9.32, 5.43, 5.65, 4.88, 10.49, 9.12, 3.84, 11.86, 7.95, 7.13, 5.69, 3.66, 10.59, 10.31, 3.36, 3.51, 0, 3.33, 9.86, 4.73, 10.81, 5.77, 4.96, 4.12, 9.56, 4.46, 10.3, 4.12, 11.68, 3.45, 6.62, 10.36, 5.73, 3.72, 8.07, 8.18, 4.92, 4.37, 6.31, 4, 6.44, 6.84, 8.93, 4.09, 2.58, 6.25, 39.3, 11.66, 5, 4.19, 3.14, 6.92, 5.22, 4.57, 3.47, 7.43, 5.93, 2.29, 8.55, 5.13, 5.83, 7.58, 2.92, 8.41, 7.05, 3.43, 6.18, 3.33, 0, 6.82, 2.94, 8.06, 3.39, 5.12, 1.63, 6.32, 3.55, 7.89, 2.74, 10.11, 3.25, 6.29, 7.72, 4.7, 4.66, 6.15, 5.53, 5.71, 2.72, 6.99, 3.5, 3.97, 7.63, 6.15, 5.11, 2.1, 6.8, 36.75, 7, 10.56, 4.04, 3.76, 2.78, 11.09, 6.08, 5.86, 1.2, 2.46, 6.06, 3.33, 2.81, 5.65, 11.54, 9.2, 3.99, 5.18, 8.93, 11.51, 9.86, 6.82, 0, 5.57, 2.56, 4.4, 7.99, 6.35, 5.17, 9.45, 3.03, 7.8, 6.64, 6.78, 7.54, 2.91, 10.04, 8.8, 4.2, 3.08, 9.01, 7.5, 9.44, 9.7, 7.63, 9.97, 2.02, 9.04, 7.96, 12.92, 38.03, 8.96, 5, 4.96, 3.07, 4.6, 8.14, 2.3, 1.22, 6.19, 5.2, 2.4, 8.27, 3.51, 2.89, 6.29, 5.84, 5.88, 7.95, 5.43, 5.94, 4.73, 2.94, 5.57, 0, 6.19, 2.94, 2.95, 3.28, 7.39, 6.49, 5.57, 4.92, 7.27, 2.49, 3.58, 5.68, 7.63, 3.33, 3.41, 3.57, 3.87, 4.84, 4.81, 6.41, 6.47, 5.45, 4.39, 3.65, 3.08, 9.65, 35.93, 5.15, 11.12, 5.85, 4.92, 2.65, 12.69, 6.18, 6.29, 2.38, 3.15, 6.98, 4.68, 2.92, 5.31, 11.57, 10.67, 3.31, 7.02, 10.36, 11.95, 10.81, 8