Instance
HEVTSP 3 50 2 TW 4

Customers
50

Service Time (same as Distance for all Modes: combustion, combustion+charging, electric, combustion+electric) (Depot, 1, ..., N, Depot)
0, 4, 4, 5, 5, 5, 1, 2, 6, 1, 5, 3, 3, 6, 2, 4, 1, 5, 5, 6, 1, 5, 5, 6, 1, 1, 4, 1, 4, 6, 4, 6, 4, 5, 5, 1, 4, 6, 5, 4, 5, 2, 4, 6, 3, 3, 2, 2, 6, 3, 3, 0

Initial Charging
0

Max Charging (in Watt/h)
16800

Charging Rate (in Watt/h)
12000

Discharging Rate (in Watt/h)
48000

Coordinates (Used for GUI, not necessarily related to Distances, Time, Costs)
0, 0, 41480, 43260, 40340, 41550, 42280, 43270, 42800, 44880, 41860, 40800, 44580, 43130, 41980, 43760, 42110, 41970, 41690, 42280, 42740, 43190, 40860, 43330, 43830, 44090, 41280, 41580, 45000, 40740, 41930, 41550, 44550, 43380, 44610, 42480, 40370, 43800, 43850, 43510, 44790, 43560, 41400, 43090, 40040, 44090, 41430, 41520, 42970, 41580, 42750, 43590, 43780, 43300, 42670, 43350, 40500, 41230, 40650, 44190, 43990, 44970, 42440, 40390, 44470, 44430, 44450, 40560, 43990, 44290, 42150, 42790, 41880, 40370, 40830, 40490, 41550, 40690, 44030, 43680, 41630, 40770, 44380, 44520, 40880, 40230, 41980, 40750, 41580, 43030, 40020, 42240, 43500, 42360, 44850, 40440, 43390, 41170, 42210, 43450, 43140, 42750

Distances (Depot-Depot, Depot-1, Depot-..., Depot-N, 1-Depot, 1-1, ..., M-N)
0, 59933, 57911, 60497, 62017, 58454, 62029, 60640, 59454, 59377, 60763, 59557, 62169, 58591, 60702, 59030, 62181, 61600, 59567, 61773, 62479, 59755, 59558, 58655, 59794, 61054, 61576, 60827, 57794, 60043, 62908, 58588, 62862, 60174, 62424, 60063, 58169, 57502, 58156, 62021, 58269, 62862, 57355, 58505, 59837, 58188, 60718, 60390, 59814, 60577, 60734, 59933, 0, 2055, 800, 2090, 2489, 3103, 707, 1436, 1002, 1262, 624, 2492, 1692, 4329, 1768, 3072, 3226, 1234, 2383, 3324, 188, 1662, 1741, 2246, 1312, 2300, 1193, 2254, 1247, 3037, 3026, 3211, 4014, 2713, 818, 2918, 2845, 2571, 2584, 2495, 3162, 3089, 2559, 251, 1781, 2211, 4394, 2831, 754, 1737, 57911, 2055, 0, 2593, 4140, 1695, 4525, 2752, 1819, 1535, 2907, 1854, 4316, 940, 4730, 1590, 4591, 4370, 2250, 4020, 4883, 1870, 2558, 1090, 2630, 3157, 3860, 2944, 358, 2658, 5002, 2399, 5035, 4228, 4564, 2194, 1940, 1168, 1484, 4261, 1507, 5014, 1426, 1825, 1931, 761, 3262, 4645, 3074, 2666, 3046, 60497, 800, 2593, 0, 1692, 2505, 2304, 575, 1311, 1152, 467, 1421, 1754, 1964, 3715, 1755, 2273, 2460, 1982, 1588, 2527, 898, 2385, 1946, 1825, 569, 1500, 398, 2707, 1872, 2411, 2884, 2478, 3472, 1991, 497, 2927, 3135, 2681, 1797, 2583, 2444, 3347, 2538, 740, 2484, 1522, 3823, 2375, 193, 1005, 62017, 2090, 4140, 1692, 0, 4187, 2496, 1388, 2991, 2827, 1691, 2483, 1298, 3633, 4688, 3442, 2305, 3006, 2659, 1726, 2388, 2272, 2871, 3629, 3304, 1291, 1859, 1536, 4314, 2258, 1193, 4504, 1730, 4624, 1328, 2189, 4603, 4812, 4372, 1718, 4273, 1620, 5031, 4211, 2216, 3834, 2615, 4890, 3757, 1547, 2157, 58454, 2489, 1695, 2505, 4187, 0, 3582, 2962, 1196, 1490, 2547, 2720, 3835, 972, 3141, 753, 3727, 3223, 3350, 3362, 4025, 2336, 3760, 839, 1357, 2929, 3152, 2676, 1426, 3599, 4682, 710, 4471, 2601, 4089, 2011, 430, 1076, 329, 3606, 232, 4493, 1134, 130, 2248, 2336, 2263, 3012, 1574, 2673, 2333, 62029, 3103, 4525, 2304, 2496, 3582, 0, 2675, 2729, 3012, 1841, 3725, 1218, 3646, 2427, 3085, 252, 651, 4263, 823, 479, 3180, 4640, 3538, 2235, 1887, 818, 1923, 4501, 4070, 1932, 3477, 1305, 2573, 1301, 2454, 3861, 4586, 3890, 778, 3778, 1404, 4701, 3525, 3002, 4646, 1326, 2704, 2293, 2392, 1489, 60640, 707, 2752, 575, 1388, 2962, 2675, 0, 1795, 1508, 950, 1200, 1879, 2290, 4271, 2211, 2598, 2925, 1610, 1887, 2817, 886, 1968, 2307, 2394, 789, 1858, 803, 2931, 1398, 2346, 3401, 2579, 4042, 2079, 985, 3391, 3466, 3100, 2052, 3010, 2517, 3697, 3010, 832, 2480, 2066, 4389, 2949, 386, 1538, 59454, 1436, 1819, 1311, 2991, 1196, 2729, 1795, 0, 522, 1373, 1847, 2730, 917, 3141, 457, 2818, 2551, 2525, 2324, 3116, 1326, 2963, 815, 944, 1742, 2135, 1489, 1772, 2657, 3540, 1614, 3409, 2732, 2986, 821, 1616, 1957, 1397, 2571, 1292, 3414, 2131, 1227, 1185, 2107, 1444, 3138, 1509, 1483, 1292, 59377, 1002, 1535, 1152, 2827, 1490, 3012, 1508, 522, 0, 1389, 1338, 2803, 811, 3651, 768, 3064, 2927, 2013, 2486, 3354, 860, 2449, 803, 1459, 1685, 2326, 1451, 1587, 2175, 3539, 2033, 3514, 3252, 3055, 687, 1919, 1986, 1596, 2727, 1511, 3501, 2204, 1557, 758, 1670, 1812, 3657, 2030, 1280, 1524, 60763, 1262, 2907, 467, 1691, 2547, 1841, 950, 1373, 1389, 0, 1885, 1414, 2173, 3333, 1829, 1820, 2000, 2447, 1155, 2083, 1344, 2846, 2122, 1626, 400, 1046, 175, 2976, 2317, 2175, 2816, 2128, 3137, 1665, 713, 2948, 3307, 2769, 1380, 2662, 2112, 3496, 2556, 1171, 2881, 1125, 3466, 2122, 590, 595, 59557, 624, 1854, 1421, 2483, 2720, 3725, 1200, 1847, 1338, 1885, 0, 3066, 1800, 4883, 2077, 3690, 3845, 679, 2995, 3937, 591, 1118, 1898, 2741, 1908, 2920, 1810, 2131, 885, 3534, 3338, 3774, 4534, 3274, 1398, 3131, 2840, 2729, 3189, 2673, 3716, 3100, 2813, 780, 1376, 2813, 4927, 3327, 1355, 2353, 62169, 2492, 4316, 1754, 1298, 3835, 1218, 1879, 2730, 2803, 1414, 3066, 0, 3578, 3548, 3172, 1011, 1789, 3472, 580, 1097, 2628, 3790, 3516, 2653, 1190, 792, 1376, 4390, 3182, 894, 3952, 725, 3584, 256, 2124, 4200, 4686, 4094, 456, 3983, 698, 4858, 3818, 2487, 4235, 1761, 3790, 2953, 1742, 1507, 58591, 1692, 940, 1964, 3633, 972, 3646, 2290, 917, 811, 2173, 1800, 3578, 0, 3814, 651, 3733, 3449, 2399, 3214, 4030, 1515, 2800, 162, 1690, 2490, 3035, 2251, 855, 2685, 4340, 1662, 4278, 3330, 3833, 1490, 1351, 1179, 930, 3460, 882, 4272, 1408, 1086, 1481, 1422, 2353, 3748, 2149, 2088, 2197, 60702, 4329, 4730, 3715, 4688, 3141, 2427, 4271, 3141, 3651, 3333, 4883, 3548, 3814, 0, 3175, 2678, 1783, 5550, 2999, 2828, 4299, 5985, 3654, 2197, 3631, 2836, 3499, 4527, 5552, 4349, 2584, 3728, 579, 3691, 3511, 3142, 4177, 3450, 3096, 3370, 3831, 4151, 3020, 4116, 5201, 2208, 335, 1666, 3889, 2739, 59030, 1768, 1590, 1755, 3442, 753, 3085, 2211, 457, 768, 1829, 2077, 3172, 651, 3175, 0, 3196, 2837, 2738, 2744, 3496, 1629, 3166, 501, 1040, 2199, 2547, 1946, 1465, 2934, 3992, 1267, 3840, 2707, 3428, 1259, 1181, 1528, 940, 2991, 836, 3850, 1687, 802, 1521, 2031, 1767, 3124, 1509, 1921, 1704, 62181, 3072, 4591, 2273, 2305, 3727, 252, 2598, 2818, 3064, 1820, 3690, 1011, 3733, 2678, 3196, 0, 902, 4201, 712, 300, 3163, 4566, 3632, 2395, 1812, 774, 1880, 4585, 3983, 1686, 3660, 1053, 2822, 1069, 2471, 4024, 4711, 4029, 600, 3916, 1153, 4836, 3677, 2991, 4671, 1464, 2955, 2496, 2341, 1544, 61600, 3226, 4370, 2460, 3006, 3223, 651, 2925, 2551, 2927, 2000, 3845, 1789, 3449, 1783, 2837, 902, 0, 4441, 1280, 1095, 3267, 4845, 3322, 1871, 2166, 1167, 2126, 4296, 4313, 2566, 3013, 1955, 1927, 1913, 2479, 3450, 4272, 3545, 1333, 3436, 2053, 4356, 3148, 3080, 4596, 1116, 2054, 1790, 2589, 1495, 59567, 1234, 2250, 1982, 2659, 3350, 4263, 1610, 2525, 2013, 2447, 679, 3472, 2399, 5550, 2738, 4201, 4441, 0, 3492, 4427, 1251, 439, 2514, 3419, 2389, 3446, 2344, 2573, 480, 3804, 3989, 4148, 5210, 3653, 2047, 3748, 3342, 3326, 3662, 3282, 4074, 3606, 3449, 1434, 1599, 3445, 5600, 4005, 1873, 2962, 61773, 2383, 4020, 1588, 1726, 3362, 823, 1887, 2324, 2486, 1155, 2995, 580, 3214, 2999, 2744, 712, 1280, 3492, 0, 941, 2486, 3854, 3133, 2121, 1103, 221, 1191, 4052, 3271, 1467, 3424, 1109, 3010, 792, 1846, 3707, 4271, 3639, 248, 3526, 1141, 4425, 3334, 2320, 4035, 1202, 3229, 2385, 1641, 1040, 62479, 3324, 4883, 2527, 2388, 4025, 479, 2817, 3116, 3354, 2083, 3937, 1097, 4030, 2828, 3496, 300, 1095, 4427, 941, 0, 3422, 4779, 3931, 2689, 2040, 1043, 2130, 4882, 4188, 1621, 3946, 927, 3019, 1083, 2750, 4318, 5011, 4328, 769, 4215, 1044, 5136, 3974, 3253, 4949, 1762, 3121, 2770, 2582, 1838, 59755, 188, 1870, 898, 2272, 2336, 3180, 886, 1326, 860, 1344, 591, 2628, 1515, 4299, 1629, 3163, 3267, 1251, 2486, 3422, 0, 1688, 1570, 2178, 1440, 2389, 1296, 2066, 1331, 3200, 2893, 3350, 3963, 2854, 808, 2762, 2662, 2405, 2695, 2331, 3305, 2907, 2411, 190, 1621, 2223, 4350, 2765, 886, 1773, 59558, 1662, 2558, 2385, 2871, 3760, 4640, 1968, 2963, 2449, 2846, 1118, 3790, 2800, 5985, 3166, 4566, 4845, 439, 3854, 4779, 1688, 0, 2922, 3858, 2756, 3823, 2732, 2897, 618, 4047, 4410, 4443, 5649, 3955, 2478, 4150, 3686, 3720, 4011, 3681, 4361, 3950, 3863, 1870, 1850, 3868, 6038, 4444, 2262, 3377, 58655, 1741, 1090, 1946, 3629, 839, 3538, 2307, 815, 803, 2122, 1898, 3516, 162, 3654, 501, 3632, 3322, 2514, 3133, 3931, 1570, 2922, 0, 1541, 2455, 2948, 2211, 974, 2782, 4296, 1516, 4208, 3169, 3772, 1460, 1235, 1192, 839, 3380, 776, 4207, 1402, 946, 1517, 1583, 2234, 3586, 1991, 2082, 2106, 59794, 2246, 2630, 1825, 3304, 1357, 2235, 2394, 944, 1459, 1626, 2741, 2653, 1690, 2197, 1040, 2395, 1871, 3419, 2121, 2689, 2178, 3858, 1541, 0, 2022, 1901, 1795, 2495, 3492, 3540, 1303, 3221, 1797, 2896, 1462, 1629, 2402, 1676, 2352, 1566, 3261, 2488, 1292, 2009, 3023, 943, 2199, 587, 2019, 1182, 61054, 1312, 3157, 569, 1291, 2929, 1887, 789, 1742, 1685, 400, 1908, 1190, 2490, 3631, 2199, 1812, 2166, 2389, 1103, 2040, 1440, 2756, 2455, 2022, 0, 1070, 253, 3261, 2184, 1855, 3215, 1914, 3474, 1424, 1000, 3335, 3646, 3138, 1283, 3034, 1877, 3845, 2943, 1297, 3046, 1441, 3786, 2503, 558, 926, 61576, 2300, 3860, 1500, 1859, 3152, 818, 1858, 2135, 2326, 1046, 2920, 792, 3035, 2836, 2547, 774, 1167, 3446, 221, 1043, 2389, 3823, 2948, 1901, 1070, 0, 1111, 3879, 3254, 1683, 3204, 1324, 2821, 1012, 1708, 3492, 4074, 3433, 455, 3320, 1360, 4223, 3121, 2217, 3907, 981, 3054, 2165, 1577, 844, 60827, 1193, 2944, 398, 1536, 2676, 1923, 803, 1489, 1451, 175, 1810, 1376, 2251, 3499, 1946, 1880, 2126, 2344, 1191, 2130, 1296, 2732, 2211, 1795, 253, 1111, 0, 3034, 2188, 2090, 2969, 2099, 3309, 1620, 764, 3083, 3401, 2886, 1399, 2782, 2072, 3597, 2690, 1136, 2873, 1292, 3636, 2296, 471, 762, 57794, 2254, 358, 2707, 4314, 1426, 4501, 2931, 1772, 1587, 2976, 2131, 4390, 855, 4527, 1465, 4585, 4296, 2573, 4052, 4882, 2066, 2897, 974, 2495, 3261, 3879, 3034, 0, 2964, 5115, 2114, 5099, 4006, 4642, 2271, 1626, 810, 1181, 4297, 1220, 5087, 1070, 1556, 2099, 1118, 3206, 4421, 2891, 2802, 3046, 60043, 1247, 2658, 1872, 2258, 3599, 4070, 1398, 2657, 2175, 2317, 885, 3182, 2685, 5552, 2934, 3983, 4313, 480, 3271, 4188, 1331, 618, 2782, 3492, 2184, 3254, 2188, 2964, 0, 3430, 4200, 3828, 5255, 3341, 2052, 4013, 3704, 3614, 3418, 3558, 3745, 3967, 3688, 1487, 2049, 3387, 5630, 4078, 1727, 2876, 62908, 3037, 5002, 2411, 1193, 4682, 1932, 2346, 3540, 3539, 2175, 3534, 894, 4340, 4349, 3992, 1686, 2566, 3804, 1467, 1621, 3200, 4047, 4296, 3540, 1855, 1683, 2090, 5115, 3430, 0, 4835, 722, 4434, 680, 2853, 5061, 5482, 4927, 1291, 4818, 595, 5669, 4674, 3094, 4818, 2656, 4611, 3847, 2341, 2377, 58588, 3026, 2399, 2884, 4504, 710, 3477, 3401, 1614, 2033, 2816, 3338, 3952, 1662, 2584, 1267, 3660, 3013, 3989, 3424, 3946, 2893, 4410, 1516, 1303, 3215, 3204, 2969, 2114, 4200, 4835, 0, 4521, 2017, 4197, 2417, 560, 1613, 939, 3654, 895, 4563, 1568, 584, 2777, 3046, 2237, 2411, 1229, 3069, 2462, 62862, 3211, 5035, 2478, 1730, 4471, 1305, 2579, 3409, 3514, 2128, 3774, 725, 4278, 3728, 3840, 1053, 1955, 4148, 1109, 927, 3350, 4443, 4208, 3221, 1914, 1324, 2099, 5099, 3828, 722, 4521, 0, 3870, 500, 2841, 4816, 5364, 4745, 870, 4633, 127, 5525, 4443, 3211, 4960, 2286, 4008, 3434, 2463, 2143, 60174, 4014, 4228, 3472, 4624, 2601, 2573, 4042, 2732, 3252, 3137, 4534, 3584, 3330, 579, 2707, 2822, 1927, 5210, 3010, 3019, 3963, 5649, 3169, 1797, 3474, 2821, 3309, 4006, 5255, 4434, 2017, 3870, 0, 3758, 3204, 2577, 3621, 2903, 3148, 2828, 3961, 3585, 2477, 3787, 4738, 2035, 418, 1223, 3656, 2552, 62424, 2713, 4564, 1991, 1328, 4089, 1301, 2079, 2986, 3055, 1665, 3274, 256, 3833, 3691, 3428, 1069, 1913, 3653, 792, 1083, 2854, 3955, 3772, 2896, 1424, 1012, 1620, 4642, 3341, 680, 4197, 500, 3758, 0, 2374, 4452, 4942, 4349, 611, 4238, 453, 5114, 4071, 2720, 4468, 1991, 3945, 3177, 1968, 1759, 60063, 818, 2194, 497, 2189, 2011, 2454, 985, 821, 687, 713, 1398, 2124, 1490, 3511, 1259, 2471, 2479, 2047, 1846, 2750, 808, 2478, 1460, 1462, 1000, 1708, 764, 2271, 2052, 2853, 2417, 2841, 3204, 2374, 0, 2435, 2652, 2184, 2080, 2086, 2822, 2858, 2047, 618, 2200, 1417, 3579, 2040, 663, 991, 58169, 2918, 1940, 2927, 4603, 430, 3861, 3391, 1616, 1919, 2948, 3131, 4200, 1351, 3142, 1181, 4024, 3450, 3748, 3707, 4318, 2762, 4150, 1235, 1629, 3335, 3492, 3083, 1626, 4013, 5061, 560, 4816, 2577, 4452, 2435, 0, 1057, 460, 3947, 472, 4845, 1010, 393, 2677, 2638, 2566, 2971, 1709, 3098, 2693, 57502, 2845, 1168, 3135, 4812, 1076, 4586, 3466, 1957, 1986, 3307, 2840, 4686, 1179, 4177, 1528, 4711, 4272, 3342, 4271, 5011, 2662, 3686, 1192, 2402, 3646, 4074, 3401, 810, 3704, 5482, 1613, 5364, 3621, 4942, 2652, 1057, 0, 747, 4518, 848, 5371, 265, 1179, 2648, 1928, 3260, 4020, 2649, 3266, 3232, 58156, 2571, 1484, 2681, 4372, 329, 3890, 3100, 1397, 1596, 2769, 2729, 4094, 930, 3450, 940, 4029, 3545, 3326, 3639, 4328, 2405, 3720, 839, 1676, 3138, 3433, 2886, 1181, 3614, 4927, 939, 4745, 2903, 4349, 2184, 460, 747, 0, 3885, 113, 4762, 813, 434, 2340, 2178, 2567, 3309, 1902, 2838, 2602, 62021, 2584, 4261, 1797, 1718, 3606, 778, 2052, 2571, 2727, 1380, 3189, 456, 3460, 3096, 2991, 600, 1333, 3662, 248, 769, 2695, 4011, 3380, 2352, 1283, 455, 1399, 4297, 3418, 1291, 3654, 870, 3148, 611, 2080, 3947, 4518, 3885, 0, 3772, 910, 4672, 3576, 2535, 4261, 1422, 3342, 2590, 1834, 1287, 58269, 2495, 1507, 2583, 4273, 232, 3778, 3010, 1292, 1511, 2662, 2673, 3983, 882, 3370, 836, 3916, 3436, 3282, 3526, 4215, 2331, 3681, 776, 1566, 3034, 3320, 2782, 1220, 3558, 4818, 895, 4633, 2828, 4238, 2086, 472, 848, 113, 3772, 0, 4650, 924, 351, 2261, 2180, 2455, 3237, 1805, 2742, 2490, 62862, 3162, 5014, 2444, 1620, 4493, 1404, 2517, 3414, 3501, 2112, 3716, 698, 4272, 3831, 3850, 1153, 2053, 4074, 1141, 1044, 3305, 4361, 4207, 3261, 1877, 1360, 2072, 5087, 3745, 595, 4563, 127, 3961, 453, 2822, 4845, 5371, 4762, 910, 4650, 0, 5537, 4469, 3172, 4920, 2332, 4107, 3493, 2419, 2161, 57355, 3089, 1426, 3347, 5031, 1134, 4701, 3697, 2131, 2204, 3496, 3100, 4858, 1408, 4151, 1687, 4836, 4356, 3606, 4425, 5136, 2907, 3950, 1402, 2488, 3845, 4223, 3597, 1070, 3967, 5669, 1568, 5525, 3585, 5114, 2858, 1010, 265, 813, 4672, 924, 5537, 0, 1217, 2886, 2186, 3377, 3976, 2680, 3484, 3385, 58505, 2559, 1825, 2538, 4211, 130, 3525, 3010, 1227, 1557, 2556, 2813, 3818, 1086, 3020, 802, 3677, 3148, 3449, 3334, 3974, 2411, 3863, 946, 1292, 2943, 3121, 2690, 1556, 3688, 4674, 584, 4443, 2477, 4071, 2047, 393, 1179, 434, 3576, 351, 4469, 1217, 0, 2315, 2462, 2214, 2887, 1471, 2710, 2312, 59837, 251, 1931, 740, 2216, 2248, 3002, 832, 1185, 758, 1171, 780, 2487, 1481, 4116, 1521, 2991, 3080, 1434, 2320, 3253, 190, 1870, 1517, 2009, 1297, 2217, 1136, 2099, 1487, 3094, 2777, 3211, 3787, 2720, 618, 2677, 2648, 2340, 2535, 2261, 3172, 2886, 2315, 0, 1749, 2034, 4171, 2595, 757, 1585, 58188, 1781, 761, 2484, 3834, 2336, 4646, 2480, 2107, 1670, 2881, 1376, 4235, 1422, 5201, 2031, 4671, 4596, 1599, 4035, 4949, 1621, 1850, 1583, 3023, 3046, 3907, 2873, 1118, 2049, 4818, 3046, 4960, 4738, 4468, 2200, 2638, 1928, 2178, 4261, 2180, 4920, 2186, 2462, 1749, 0, 3482, 5155, 3536, 2502, 3161, 60718, 2211, 3262, 1522, 2615, 2263, 1326, 2066, 1444, 1812, 1125, 2813, 1761, 2353, 2208, 1767, 1464, 1116, 3445, 1202, 1762, 2223, 3868, 2234, 943, 1441, 981, 1292, 3206, 3387, 2656, 2237, 2286, 2035, 1991, 1417, 2566, 3260, 2567, 1422, 2455, 2332, 3377, 2214, 2034, 3482, 0, 2347, 1195, 1689, 531, 60390, 4394, 4645, 3823, 4890, 3012, 2704, 4389, 3138, 3657, 3466, 4927, 3790, 3748, 335, 3124, 2955, 2054, 5600, 3229, 3121, 4350, 6038, 3586, 2199, 3786, 3054, 3636, 4421, 5630, 4611, 2411, 4008, 418, 3945, 3579, 2971, 4020, 3309, 3342, 3237, 4107, 3976, 2887, 4171, 5155, 2347, 0, 1632, 4004, 2874, 59814, 2831, 3074, 2375, 3757, 1574, 2293, 2949, 1509, 2030, 2122, 3327, 2953, 2149, 1666, 1509, 2496, 1790, 4005, 2385, 2770, 2765, 4444, 1991, 587, 2503, 2165, 2296, 2891, 4078, 3847, 1229, 3434, 1223, 3177, 2040, 1709, 2649, 1902, 2590, 1805, 3493, 2680, 1471, 2595, 3536, 1195, 1632, 0, 2567, 1600, 60577, 754, 2666, 193, 1547, 2673, 2392, 386, 1483, 1280, 590, 1355, 1742, 2088, 3889, 1921, 2341, 2589, 1873, 1641, 2582, 886, 2262, 2082, 2019, 558, 1577, 471, 2802, 1727, 2341, 3069, 2463, 3656, 1968, 663, 3098, 3266, 2838, 1834, 2742, 2419, 3484, 2710, 757, 2502, 1689, 4004, 2567, 0, 1164, 60734, 1737, 3046, 1005, 2157, 2333, 1489, 1538, 1292, 1524, 595, 2353, 1507, 2197, 2739, 1704, 1544, 1495, 2962, 1040, 1838, 1773, 3377, 2106, 1182, 926, 844, 762, 3046, 2876, 2377, 2462, 2143, 2552, 1759, 991, 2693, 3232, 2602, 1287, 2490, 2161, 3385, 2312, 1585, 3161, 531, 2874, 1600, 1164, 0

Time (same as Distance for all Modes: combustion, combustion+charging, electric, combustion+electric)
0, 66.59, 64.35, 67.22, 68.91, 64.95, 68.92, 67.38, 66.06, 65.97, 67.51, 66.17, 69.08, 65.1, 67.45, 65.59, 69.09, 68.44, 66.19, 68.64, 69.42, 66.39, 66.18, 65.17, 66.44, 67.84, 68.42, 67.59, 64.22, 66.71, 69.9, 65.1, 69.85, 66.86, 69.36, 66.74, 64.63, 63.89, 64.62, 68.91, 64.74, 69.85, 63.73, 65.01, 66.49, 64.65, 67.46, 67.1, 66.46, 67.31, 67.48, 66.59, 0, 4.57, 2.53, 4.64, 5.53, 6.9, 2.23, 3.19, 2.23, 2.8, 1.97, 5.54, 3.76, 9.62, 3.93, 6.83, 7.17, 2.74, 5.3, 7.39, 0.81, 3.69, 3.87, 4.99, 2.92, 5.11, 2.65, 5.01, 2.77, 6.75, 6.72, 7.14, 8.92, 6.03, 2.58, 6.48, 6.32, 5.71, 5.74, 5.54, 7.03, 6.86, 5.69, 1.08, 3.96, 4.91, 9.76, 6.29, 2.38, 3.86, 64.35, 4.57, 0, 5.76, 9.2, 3.77, 10.06, 6.12, 4.04, 3.41, 6.46, 4.12, 9.59, 2.97, 10.51, 3.53, 10.2, 9.71, 5, 8.93, 10.85, 4.16, 5.68, 2.42, 5.84, 7.02, 8.58, 6.54, 1.53, 5.91, 6.12, 5.33, 6.17, 9.4, 10.14, 4.88, 4.31, 2.6, 3.3, 9.47, 3.35, 6.14, 3.17, 4.06, 4.29, 2.4, 7.25, 10.32, 6.83, 5.92, 6.77, 67.22, 2.53, 5.76, 0, 3.76, 5.57, 5.12, 1.82, 2.91, 2.56, 2, 3.16, 3.9, 4.36, 8.26, 3.9, 5.05, 5.47, 4.4, 3.53, 5.62, 2.84, 5.3, 4.32, 4.06, 1.8, 3.33, 1.71, 6.02, 4.16, 5.36, 6.41, 5.51, 7.72, 4.42, 2.13, 6.5, 6.97, 5.96, 3.99, 5.74, 5.43, 7.44, 5.64, 2.34, 5.52, 3.38, 8.5, 5.28, 0.83, 2.23, 68.91, 4.64, 9.2, 3.76, 0, 9.3, 5.55, 3.08, 6.65, 6.28, 3.76, 5.52, 2.88, 8.07, 10.42, 7.65, 5.12, 6.68, 5.91, 3.84, 5.31, 5.05, 6.38, 8.06, 7.34, 2.87, 4.13, 3.41, 9.59, 5.02, 2.65, 10.01, 3.84, 10.28, 2.95, 4.86, 10.23, 10.69, 9.72, 3.82, 9.5, 3.6, 6.16, 9.36, 4.92, 8.52, 5.81, 10.87, 8.35, 3.44, 4.79, 64.95, 5.53, 3.77, 5.57, 9.3, 0, 7.96, 6.58, 2.66, 3.31, 5.66, 6.04, 8.52, 3.07, 6.98, 2.38, 8.28, 7.16, 7.44, 7.47, 8.94, 5.19, 8.36, 2.65, 3.02, 6.51, 7, 5.95, 3.17, 8, 10.4, 2.24, 9.94, 5.78, 9.09, 4.47, 1.84, 2.39, 1.41, 8.01, 0.99, 9.98, 2.52, 0.56, 5, 5.19, 5.03, 6.69, 3.5, 5.94, 5.18, 68.92, 6.9, 10.06, 5.12, 5.55, 7.96, 0, 5.94, 6.06, 6.69, 4.09, 8.28, 2.71, 8.1, 5.39, 6.86, 1.08, 2.06, 9.47, 2.6, 2.05, 7.07, 10.31, 7.86, 4.97, 4.19, 2.58, 4.27, 10, 9.04, 4.29, 7.73, 2.9, 5.72, 2.89, 5.45, 8.58, 10.19, 8.64, 2.46, 8.4, 3.12, 10.45, 7.83, 6.67, 10.32, 2.95, 6.01, 5.1, 5.32, 3.31, 67.38, 2.23, 6.12, 1.82, 3.08, 6.58, 5.94, 0, 3.99, 3.35, 3, 2.67, 4.18, 5.09, 9.49, 4.91, 5.77, 6.5, 3.58, 4.19, 6.26, 2.8, 4.37, 5.13, 5.32, 2.49, 4.13, 2.54, 6.51, 3.11, 5.21, 7.56, 5.73, 8.98, 4.62, 3.11, 7.54, 7.7, 6.89, 4.56, 6.69, 5.59, 8.22, 6.69, 2.63, 5.51, 4.59, 9.75, 6.55, 1.65, 3.42, 66.06, 3.19, 4.04, 2.91, 6.65, 2.66, 6.06, 3.99, 0, 1.65, 3.05, 4.1, 6.07, 2.9, 6.98, 1.96, 6.26, 5.67, 5.61, 5.16, 6.92, 2.95, 6.58, 2.57, 2.98, 3.87, 4.74, 3.31, 3.94, 5.9, 7.87, 3.59, 7.58, 6.07, 6.64, 2.59, 3.59, 4.35, 3.1, 5.71, 2.87, 7.59, 4.74, 2.73, 2.63, 4.68, 3.21, 6.97, 3.35, 3.3, 2.87, 65.97, 2.23, 3.41, 2.56, 6.28, 3.31, 6.69, 3.35, 1.65, 0, 3.09, 2.97, 6.23, 2.56, 8.11, 2.43, 6.81, 6.5, 4.47, 5.52, 7.45, 2.72, 5.44, 2.54, 3.24, 3.74, 5.17, 3.22, 3.53, 4.83, 7.86, 4.52, 7.81, 7.23, 6.79, 2.17, 4.26, 4.41, 3.55, 6.06, 3.36, 7.78, 4.9, 3.46, 2.39, 3.71, 4.03, 8.13, 4.51, 2.84, 3.39, 67.51, 2.8, 6.46, 2, 3.76, 5.66, 4.09, 3, 3.05, 3.09, 0, 4.19, 3.14, 4.83, 7.41, 4.06, 4.04, 4.44, 5.44, 2.57, 4.63, 2.99, 6.32, 4.72, 3.61, 1.71, 2.32, 0.75, 6.61, 5.15, 4.83, 6.26, 4.73, 6.97, 3.7, 2.25, 6.55, 7.35, 6.15, 3.07, 5.92, 4.69, 7.77, 5.68, 2.6, 6.4, 2.5, 7.7, 4.72, 1.86, 1.88, 66.17, 1.97, 4.12, 3.16, 5.52, 6.04, 8.28, 2.67, 4.1, 2.97, 4.19, 0, 6.81, 4, 10.85, 4.62, 8.2, 8.54, 2.14, 6.66, 8.75, 1.87, 2.48, 4.22, 6.09, 4.24, 6.49, 4.02, 4.74, 2.79, 7.85, 7.42, 8.39, 10.08, 7.28, 3.11, 6.96, 6.31, 6.06, 7.09, 5.94, 8.26, 6.89, 6.25, 2.46, 3.06, 6.25, 10.95, 7.39, 3.01, 5.23, 69.08, 5.54, 9.59, 3.9, 2.88, 8.52, 2.71, 4.18, 6.07, 6.23, 3.14, 6.81, 0, 7.95, 7.88, 7.05, 2.25, 3.98, 7.72, 1.83, 2.44, 5.84, 8.42, 7.81, 5.9, 2.64, 2.5, 3.06, 9.76, 7.07, 2.82, 8.78, 2.29, 7.96, 1.1, 4.72, 9.33, 10.41, 9.1, 1.95, 8.85, 2.2, 10.8, 8.48, 5.53, 9.41, 3.91, 8.42, 6.56, 3.87, 3.35, 65.1, 3.76, 2.97, 4.36, 8.07, 3.07, 8.1, 5.09, 2.9, 2.56, 4.83, 4, 7.95, 0, 8.48, 2.06, 8.3, 7.66, 5.33, 7.14, 8.96, 3.37, 6.22, 0.69, 3.76, 5.53, 6.74, 5, 2.7, 5.97, 9.64, 3.69, 9.51, 7.4, 8.52, 3.31, 3, 2.62, 2.94, 7.69, 2.79, 9.49, 3.13, 2.41, 3.29, 3.16, 5.23, 8.33, 4.78, 4.64, 4.88, 67.45, 9.62, 10.51, 8.26, 10.42, 6.98, 5.39, 9.49, 6.98, 8.11, 7.41, 10.85, 7.88, 8.48, 0, 7.06, 5.95, 3.96, 6.8, 6.66, 6.28, 9.55, 7.33, 8.12, 4.88, 8.07, 6.3, 7.78, 10.06, 6.8, 9.66, 5.74, 8.28, 1.83, 8.2, 7.8, 6.98, 9.28, 7.67, 6.88, 7.49, 8.51, 9.22, 6.71, 9.15, 6.37, 4.91, 1.44, 3.7, 8.64, 6.09, 65.59, 3.93, 3.53, 3.9, 7.65, 2.38, 6.86, 4.91, 1.96, 2.43, 4.06, 4.62, 7.05, 2.06, 7.06, 0, 7.1, 6.3, 6.08, 6.1, 7.77, 3.62, 7.04, 1.58, 2.31, 4.89, 5.66, 4.32, 3.26, 6.52, 8.87, 2.82, 8.53, 6.02, 7.62, 2.8, 2.62, 3.4, 2.97, 6.65, 2.64, 8.56, 3.75, 2.53, 3.38, 4.51, 3.93, 6.94, 3.35, 4.27, 3.79, 69.09, 6.83, 10.2, 5.05, 5.12, 8.28, 1.08, 5.77, 6.26, 6.81, 4.04, 8.2, 2.25, 8.3, 5.95, 7.1, 0, 2.85, 9.34, 2.25, 1.29, 7.03, 10.15, 8.07, 5.32, 4.03, 2.44, 4.18, 10.19, 8.85, 3.75, 8.13, 2.34, 6.27, 2.38, 5.49, 8.94, 10.47, 8.95, 1.89, 8.7, 2.56, 10.75, 8.17, 6.65, 10.38, 3.25, 6.57, 5.55, 5.2, 3.43, 68.44, 7.17, 9.71, 5.47, 6.68, 7.16, 2.06, 6.5, 5.67, 6.5, 4.44, 8.54, 3.98, 7.66, 3.96, 6.3, 2.85, 0, 9.87, 2.84, 2.43, 7.26, 10.77, 7.38, 4.16, 4.81, 2.59, 4.72, 9.55, 9.58, 5.7, 6.7, 4.34, 4.28, 4.25, 5.51, 7.67, 9.49, 7.88, 2.96, 7.64, 4.56, 9.68, 7, 6.84, 10.21, 2.48, 4.56, 3.98, 5.75, 3.32, 66.19, 2.74, 5, 4.4, 5.91, 7.44, 9.47, 3.58, 5.61, 4.47, 5.44, 2.14, 7.72, 5.33, 6.8, 6.08, 9.34, 9.87, 0, 7.76, 9.84, 2.78, 1.88, 5.59, 7.6, 5.31, 7.66, 5.21, 5.72, 2.06, 8.45, 8.86, 9.22, 6.38, 8.12, 4.55, 8.33, 7.43, 7.39, 8.14, 7.29, 9.05, 8.01, 7.66, 3.19, 3.55, 7.66, 6.86, 8.9, 4.16, 6.58, 68.64, 5.3, 8.93, 3.53, 3.84, 7.47, 2.6, 4.19, 5.16, 5.52, 2.57, 6.66, 1.83, 7.14, 6.66, 6.1, 2.25, 2.84, 7.76, 0, 2.97, 5.52, 8.56, 6.96, 4.71, 2.45, 0.95, 2.65, 9, 7.27, 3.26, 7.61, 2.46, 6.69, 2.5, 4.1, 8.24, 9.49, 8.09, 1.06, 7.84, 2.54, 9.83, 7.41, 5.16, 8.97, 2.67, 7.18, 5.3, 3.65, 2.31, 69.42, 7.39, 10.85, 5.62, 5.31, 8.94, 2.05, 6.26, 6.92, 7.45, 4.63, 8.75, 2.44, 8.96, 6.28, 7.77, 1.29, 2.43, 9.84, 2.97, 0, 7.6, 10.62, 8.74, 5.98, 4.53, 2.32, 4.73, 10.85, 9.31, 3.6, 8.77, 2.93, 6.71, 2.41, 6.11, 9.6, 6.14, 9.62, 2.43, 9.37, 2.32, 6.29, 8.83, 7.23, 11, 3.92, 6.94, 6.16, 5.74, 4.08, 66.39, 0.81, 4.16, 2.84, 5.05, 5.19, 7.07, 2.8, 2.95, 2.72, 2.99, 1.87, 5.84, 3.37, 9.55, 3.62, 7.03, 7.26, 2.78, 5.52, 7.6, 0, 3.75, 3.49, 4.84, 3.2, 5.31, 2.88, 4.59, 2.96, 7.11, 6.43, 7.44, 8.81, 6.34, 2.55, 6.14, 5.92, 5.34, 5.99, 5.18, 7.34, 6.46, 5.36, 0.81, 3.6, 4.94, 9.67, 6.14, 2.8, 3.94, 66.18, 3.69, 5.68, 5.3, 6.38, 8.36, 10.31, 4.37, 6.58, 5.44, 6.32, 2.48, 8.42, 6.22, 7.33, 7.04, 10.15, 10.77, 1.88, 8.56, 10.62, 3.75, 0, 6.49, 8.57, 6.12, 8.5, 6.07, 6.44, 1.95, 8.99, 9.8, 9.87, 6.92, 8.79, 5.51, 9.22, 8.19, 8.27, 8.91, 8.18, 9.69, 8.78, 8.58, 4.16, 4.11, 8.6, 7.39, 9.88, 5.03, 7.5, 65.17, 3.87, 2.42, 4.32, 8.06, 2.65, 7.86, 5.13, 2.57, 2.54, 4.72, 4.22, 7.81, 0.69, 8.12, 1.58, 8.07, 7.38, 5.59, 6.96, 8.74, 3.49, 6.49, 0, 3.42, 5.46, 6.55, 4.91, 3.08, 6.18, 9.55, 3.37, 9.35, 7.04, 8.38, 3.24, 2.74, 2.65, 2.65, 7.51, 2.45, 9.35, 3.12, 2.99, 3.37, 3.52, 4.96, 7.97, 4.42, 4.63, 4.68, 66.44, 4.99, 5.84, 4.06, 7.34, 3.02, 4.97, 5.32, 2.98, 3.24, 3.61, 6.09, 5.9, 3.76, 4.88, 2.31, 5.32, 4.16, 7.6, 4.71, 5.98, 4.84, 8.57, 3.42, 0, 4.49, 4.22, 3.99, 5.54, 7.76, 7.87, 2.9, 7.16, 3.99, 6.44, 3.25, 3.62, 5.34, 3.72, 5.23, 3.48, 7.25, 5.53, 2.87, 4.46, 6.72, 2.98, 4.89, 1.85, 4.49, 2.63, 67.84, 2.92, 7.02, 1.8, 2.87, 6.51, 4.19, 2.49, 3.87, 3.74, 1.71, 4.24, 2.64, 5.53, 8.07, 4.89, 4.03, 4.81, 5.31, 2.45, 4.53, 3.2, 6.12, 5.46, 4.49, 0, 2.38, 1.08, 7.25, 4.85, 4.12, 7.14, 4.25, 7.72, 3.16, 3.16, 7.41, 8.1, 6.97, 2.85, 6.74, 4.17, 8.54, 6.54, 2.88, 6.77, 3.2, 8.41, 5.56, 1.76, 2.92, 68.42, 5.11, 8.58, 3.33, 4.13, 7, 2.58, 4.13, 4.74, 5.17, 2.32, 6.49, 2.5, 6.74, 6.3, 5.66, 2.44, 2.59, 7.66, 0.95, 2.32, 5.31, 8.5, 6.55, 4.22, 2.38, 0, 2.47, 8.62, 7.23, 3.74, 7.12, 2.94, 6.27, 2.25, 3.8, 7.76, 9.05, 7.63, 1.95, 7.38, 3.02, 9.38, 6.94, 4.93, 8.68, 3.1, 6.79, 4.81, 3.5, 2.67, 67.59, 2.65, 6.54, 1.71, 3.41, 5.95, 4.27, 2.54, 3.31, 3.22, 0.75, 4.02, 3.06, 5, 7.78, 4.32, 4.18, 4.72, 5.21, 2.65, 4.73, 2.88, 6.07, 4.91, 3.99, 1.08, 2.47, 0, 6.74, 4.86, 4.64, 6.6, 4.66, 7.35, 3.6, 2.41, 6.85, 7.56, 6.41, 3.11, 6.18, 4.6, 7.99, 5.98, 2.52, 6.38, 2.87, 8.08, 5.1, 2.02, 2.41, 64.22, 5.01, 1.53, 6.02, 9.59, 3.17, 10, 6.51, 3.94, 3.53, 6.61, 4.74, 9.76, 2.7, 10.06, 3.26, 10.19, 9.55, 5.72, 9, 10.85, 4.59, 6.44, 3.08, 5.54, 7.25, 8.62, 6.74, 0, 6.59, 6.26, 4.7, 6.24, 8.9, 10.32, 5.05, 3.61, 2.56, 2.62, 9.55, 2.71, 6.23, 2.38, 3.46, 4.66, 2.48, 7.12, 9.82, 6.42, 6.23, 6.77, 66.71, 2.77, 5.91, 4.16, 5.02, 8, 9.04, 3.11, 5.9, 4.83, 5.15, 2.79, 7.07, 5.97, 6.8, 6.52, 8.85, 9.58, 2.06, 7.27, 9.31, 2.96, 1.95, 6.18, 7.76, 4.85, 7.23, 4.86, 6.59, 0, 7.62, 9.33, 8.51, 6.43, 7.42, 4.56, 8.92, 8.23, 8.03, 7.6, 7.91, 8.32, 8.82, 8.2, 3.3, 4.55, 7.53, 6.89, 9.06, 3.84, 6.39, 69.9, 6.75, 6.12, 5.36, 2.65, 10.4, 4.29, 5.21, 7.87, 7.86, 4.83, 7.85, 2.82, 9.64, 9.66, 8.87, 3.75, 5.7, 8.45, 3.26, 3.6, 7.11, 8.99, 9.55, 7.87, 4.12, 3.74, 4.64, 6.26, 7.62, 0, 10.74, 2.28, 9.85, 2.15, 6.34, 6.2, 6.71, 10.95, 2.87, 10.71, 1.88, 6.94, 10.39, 6.88, 10.71, 5.9, 10.25, 8.55, 5.2, 5.28, 65.1, 6.72, 5.33, 6.41, 10.01, 2.24, 7.73, 7.56, 3.59, 4.52, 6.26, 7.42, 8.78, 3.69, 5.74, 2.82, 8.13, 6.7, 8.86, 7.61, 8.77, 6.43, 9.8, 3.37, 2.9, 7.14, 7.12, 6.6, 4.7, 9.33, 10.74, 0, 10.05, 4.48, 9.33, 5.37, 1.77, 3.58, 2.97, 8.12, 2.83, 10.14, 3.48, 1.84, 6.17, 6.77, 4.97, 5.36, 2.73, 6.82, 5.47, 69.85, 7.14, 6.17, 5.51, 3.84, 9.94, 2.9, 5.73, 7.58, 7.81, 4.73, 8.39, 2.29, 9.51, 8.28, 8.53, 2.34, 4.34, 9.22, 2.46, 2.93, 7.44, 9.87, 9.35, 7.16, 4.25, 2.94, 4.66, 6.24, 8.51, 2.28, 10.05, 0, 8.6, 2.14, 6.31, 10.7, 6.57, 10.54, 2.75, 10.3, 0.54, 6.77, 9.87, 7.14, 11.02, 5.08, 8.91, 7.63, 5.47, 4.76, 66.86, 8.92, 9.4, 7.72, 10.28, 5.78, 5.72, 8.98, 6.07, 7.23, 6.97, 10.08, 7.96, 7.4, 1.83, 6.02, 6.27, 4.28, 6.38, 6.69, 6.71, 8.81, 6.92, 7.04, 3.99, 7.72, 6.27, 7.35, 8.9, 6.43, 9.85, 4.48, 8.6, 0, 8.35, 7.12, 5.73, 8.05, 6.45, 7, 6.28, 8.8, 7.97, 5.5, 8.42, 10.53, 4.52, 1.79, 2.72, 8.12, 5.67, 69.36, 6.03, 10.14, 4.42, 2.95, 9.09, 2.89, 4.62, 6.64, 6.79, 3.7, 7.28, 1.1, 8.52, 8.2, 7.62, 2.38, 4.25, 8.12, 2.5, 2.41, 6.34, 8.79, 8.38, 6.44, 3.16, 2.25, 3.6, 10.32, 7.42, 2.15, 9.33, 2.14, 8.35, 0, 5.28, 9.89, 10.98, 9.66, 1.93, 9.42, 1.94, 6.26, 9.05, 6.04, 9.93, 4.42, 8.77, 7.06, 4.37, 3.91, 66.74, 2.58, 4.88, 2.13, 4.86, 4.47, 5.45, 3.11, 2.59, 2.17, 2.25, 3.11, 4.72, 3.31, 7.8, 2.8, 5.49, 5.51, 4.55, 4.1, 6.11, 2.55, 5.51, 3.24, 3.25, 3.16, 3.8, 2.41, 5.05, 4.56, 6.34, 5.37, 6.31, 7.12, 5.28, 0, 5.41, 5.89, 4.85, 4.62, 4.64, 6.27, 6.35, 4.55, 1.95, 4.89, 3.15, 7.95, 4.53, 2.09, 3.13, 64.63, 6.48, 4.31, 6.5, 10.23, 1.84, 8.58, 7.54, 3.59, 4.26, 6.55, 6.96, 9.33, 3, 6.98, 2.62, 8.94, 7.67, 8.33, 8.24, 9.6, 6.14, 9.22, 2.74, 3.62, 7.41, 7.76, 6.85, 3.61, 8.92, 6.2, 1.77, 10.7, 5.73, 9.89, 5.41, 0, 2.35, 1.97, 8.77, 2.02, 10.77, 2.24, 1.68, 5.95, 5.86, 5.7, 6.6, 3.8, 6.88, 5.98, 63.89, 6.32, 2.6, 6.97, 10.69, 2.39, 10.19, 7.7, 4.35, 4.41, 7.35, 6.31, 10.41, 2.62, 9.28, 3.4, 10.47, 9.49, 7.43, 9.49, 6.14, 5.92, 8.19, 2.65, 5.34, 8.1, 9.05, 7.56, 2.56, 8.23, 6.71, 3.58, 6.57, 8.05, 10.98, 5.89, 2.35, 0, 2.36, 10.04, 2.68, 6.58, 1.14, 2.62, 5.88, 4.28, 7.24, 8.93, 5.89, 7.26, 7.18, 64.62, 5.71, 3.3, 5.96, 9.72, 1.41, 8.64, 6.89, 3.1, 3.55, 6.15, 6.06, 9.1, 2.94, 7.67, 2.97, 8.95, 7.88, 7.39, 8.09, 9.62, 5.34, 8.27, 2.65, 3.72, 6.97, 7.63, 6.41, 2.62, 8.03, 10.95, 2.97, 10.54, 6.45, 9.66, 4.85, 1.97, 2.36, 0, 8.63, 0.48, 10.58, 2.57, 1.86, 5.2, 4.84, 5.7, 7.35, 4.23, 6.31, 5.78, 68.91, 5.74, 9.47, 3.99, 3.82, 8.01, 2.46, 4.56, 5.71, 6.06, 3.07, 7.09, 1.95, 7.69, 6.88, 6.65, 1.89, 2.96, 8.14, 1.06, 2.43, 5.99, 8.91, 7.51, 5.23, 2.85, 1.95, 3.11, 9.55, 7.6, 2.87, 8.12, 2.75, 7, 1.93, 4.62, 8.77, 10.04, 8.63, 0, 8.38, 2.87, 10.38, 7.95, 5.63, 9.47, 3.16, 7.43, 5.76, 4.08, 2.86, 64.74, 5.54, 3.35, 5.74, 9.5, 0.99, 8.4, 6.69, 2.87, 3.36, 5.92, 5.94, 8.85, 2.79, 7.49, 2.64, 8.7, 7.64, 7.29, 7.84, 9.37, 5.18, 8.18, 2.45, 3.48, 6.74, 7.38, 6.18, 2.71, 7.91, 10.71, 2.83, 10.3, 6.28, 9.42, 4.64, 2.02, 2.68, 0.48, 8.38, 0, 10.33, 2.92, 1.5, 5.02, 4.84, 5.46, 7.19, 4.01, 6.09, 5.53, 69.85, 7.03, 6.14, 5.43, 3.6, 9.98, 3.12, 5.59, 7.59, 7.78, 4.69, 8.26, 2.2, 9.49, 8.51, 8.56, 2.56, 4.56, 9.05, 2.54, 2.32, 7.34, 9.69, 9.35, 7.25, 4.17, 3.02, 4.6, 6.23, 8.32, 1.88, 10.14, 0.54, 8.8, 1.94, 6.27, 10.77, 6.58, 10.58, 2.87, 10.33, 0, 6.78, 9.93, 7.05, 10.93, 5.18, 9.13, 7.76, 5.38, 4.8, 63.73, 6.86, 3.17, 7.44, 6.16, 2.52, 10.45, 8.22, 4.74, 4.9, 7.77, 6.89, 10.8, 3.13, 9.22, 3.75, 10.75, 9.68, 8.01, 9.83, 6.29, 6.46, 8.78, 3.12, 5.53, 8.54, 9.38, 7.99, 2.38, 8.82, 6.94, 3.48, 6.77, 7.97, 6.26, 6.35, 2.24, 1.14, 2.57, 10.38, 2.92, 6.78, 0, 2.7, 6.41, 4.86, 7.5, 8.84, 5.96, 7.74, 7.52, 65.01, 5.69, 4.06, 5.64, 9.36, 0.56, 7.83, 6.69, 2.73, 3.46, 5.68, 6.25, 8.48, 2.41, 6.71, 2.53, 8.17, 7, 7.66, 7.41, 8.83, 5.36, 8.58, 2.99, 2.87, 6.54, 6.94, 5.98, 3.46, 8.2, 10.39, 1.84, 9.87, 5.5, 9.05, 4.55, 1.68, 2.62, 1.86, 7.95, 1.5, 9.93, 2.7, 0, 5.14, 5.47, 4.92, 6.42, 3.27, 6.02, 5.14, 66.49, 1.08, 4.29, 2.34, 4.92, 5, 6.67, 2.63, 2.63, 2.39, 2.6, 2.46, 5.53, 3.29, 9.15, 3.38, 6.65, 6.84, 3.19, 5.16, 7.23, 0.81, 4.16, 3.37, 4.46, 2.88, 4.93, 2.52, 4.66, 3.3, 6.88, 6.17, 7.14, 8.42, 6.04, 1.95, 5.95, 5.88, 5.2, 5.63, 5.02, 7.05, 6.41, 5.14, 0, 3.89, 4.52, 9.27, 5.77, 2.39, 3.52, 64.65, 3.96, 2.4, 5.52, 8.52, 5.19, 10.32, 5.51, 4.68, 3.71, 6.4, 3.06, 9.41, 3.16, 6.37, 4.51, 10.38, 10.21, 3.55, 8.97, 11, 3.6, 4.11, 3.52, 6.72, 6.77, 8.68, 6.38, 2.48, 4.55, 10.71, 6.77, 11.02, 10.53, 9.93, 4.89, 5.86, 4.28, 4.84, 9.47, 4.84, 10.93, 4.86, 5.47, 3.89, 0, 7.74, 6.31, 7.86, 5.56, 7.02, 67.46, 4.91, 7.25, 3.38, 5.81, 5.03, 2.95, 4.59, 3.21, 4.03, 2.5, 6.25, 3.91, 5.23, 4.91, 3.93, 3.25, 2.48, 7.66, 2.67, 3.92, 4.94, 8.6, 4.96, 2.98, 3.2, 3.1, 2.87, 7.12, 7.53, 5.9, 4.97, 5.08, 4.52, 4.42, 3.15, 5.7, 7.24, 5.7, 3.16, 5.46, 5.18, 7.5, 4.92, 4.52, 7.74, 0, 5.22, 2.66, 3.75, 1.68, 67.1, 9.76, 10.32, 8.5, 10.87, 6.69, 6.01, 9.75, 6.97, 8.13, 7.7, 10.95, 8.42, 8.33, 1.44, 6.94, 6.57, 4.56, 6.86, 7.18, 6.94, 9.67, 7.39, 7.97, 4.89, 8.41, 6.79, 8.08, 9.82, 6.89, 10.25, 5.36, 8.91, 1.79, 8.77, 7.95, 6.6, 8.93, 7.35, 7.43, 7.19, 9.13, 8.84, 6.42, 9.27, 6.31, 5.22, 0, 3.63, 8.9, 6.39, 66.46, 6.29, 6.83, 5.28, 8.35, 3.5, 5.1, 6.55, 3.35, 4.51, 4.72, 7.39, 6.56, 4.78, 3.7, 3.35, 5.55, 3.98, 8.9, 5.3, 6.16, 6.14, 9.88, 4.42, 1.85, 5.56, 4.81, 5.1, 6.42, 9.06, 8.55, 2.73, 7.63, 2.72, 7.06, 4.53, 3.8, 5.89, 4.23, 5.76, 4.01, 7.76, 5.96, 3.27, 5.77, 7.86, 2.66, 3.63, 0, 5.7, 3.56, 67.31, 2.38, 5.92, 0.83, 3.44, 5.94, 5.32, 1.65, 3.3, 2.84, 1.86, 3.01, 3.87, 4.64, 8.64, 4.27, 5.2, 5.75, 4.16, 3.65, 5.74, 2.8, 5.03, 4.63, 4.49, 1.76, 3.5, 2.02, 6.23, 3.84, 5.2, 6.82, 5.47, 8.12, 4.37, 2.09, 6.88, 7.26, 6.31, 4.08, 6.09, 5.38, 7.74, 6.02, 2.39, 5.56, 3.75, 8.9, 5.7, 0, 2.59, 67.48, 3.86, 6.77, 2.23, 4.79, 5.18, 3.31, 3.42, 2.87, 3.39, 1.88, 5.23, 3.35, 4.88, 6.09, 3.79, 3.43, 3.32, 6.58, 2.31, 4.08, 3.94, 7.5, 4.68, 2.63, 2.92, 2.67, 2.41, 6.77, 6.39, 5.28, 5.47, 4.76, 5.67, 3.91, 3.13, 5.98, 7.18, 5.78, 2.86, 5.53, 4.8, 7.52, 5.14, 3.52, 7.02, 1.68, 6.39, 3.56, 2.59, 0, 0, 70.51, 68.13, 71.17, 72.96, 68.77, 72.98, 71.34, 69.95, 69.86, 71.49, 70.07, 73.14, 68.93, 71.41, 69.45, 73.15, 72.47, 70.08, 72.67, 73.5, 70.3, 70.07, 69.01, 70.35, 71.83, 72.44, 71.56, 67.99, 70.64, 74.01, 68.93, 73.96, 70.79, 73.44, 70.66, 68.43, 67.65, 68.42, 72.97, 68.55, 73.96, 67.48, 68.83, 70.4, 68.46, 71.43, 71.05, 70.37, 71.27, 71.45, 70.51, 0, 4.93, 2.67, 5.02, 5.97, 7.45, 2.36, 3.45, 2.4, 3.03, 2.08, 5.98, 4.06, 10.39, 4.24, 7.37, 7.74, 2.96, 5.72, 7.98, 0.87, 3.99, 4.18, 5.39, 3.15, 5.52, 2.86, 5.41, 2.99, 7.29, 7.26, 7.71, 9.63, 6.51, 2.73, 7, 6.83, 6.17, 6.2, 5.99, 7.59, 7.41, 6.14, 1.16, 4.27, 5.31, 10.55, 6.79, 2.51, 4.17, 68.13, 4.93, 0, 6.22, 9.94, 4.07, 10.86, 6.6, 4.37, 3.68, 6.98, 4.45, 10.36, 3.13, 11.35, 3.82, 11.02, 10.49, 5.4, 9.65, 11.72, 4.49, 6.14, 2.62, 6.31, 7.58, 9.26, 7.07, 1.65, 6.38, 6.52, 5.76, 6.57, 10.15, 10.95, 5.27, 4.66, 2.8, 3.56, 10.23, 3.62, 6.54, 3.42, 4.38, 4.63, 2.54, 7.83, 11.15, 7.38, 6.4, 7.31, 71.17, 2.67, 6.22, 0, 4.06, 6.01, 5.53, 1.92, 3.15, 2.76, 2.16, 3.41, 4.21, 4.71, 8.92, 4.21, 5.46, 5.9, 4.76, 3.81, 6.06, 2.99, 5.72, 4.67, 4.38, 1.9, 3.6, 1.84, 6.5, 4.49, 5.79, 6.92, 5.95, 8.33, 4.78, 2.29, 7.02, 7.52, 6.43, 4.31, 6.2, 5.87, 8.03, 6.09, 2.47, 5.96, 3.65, 9.18, 5.7, 0.89, 2.41, 72.96, 5.02, 9.94, 4.06, 0, 10.05, 5.99, 3.33, 7.18, 6.78, 4.06, 5.96, 3.12, 8.72, 11.25, 8.26, 5.53, 7.21, 6.38, 4.14, 5.73, 5.45, 6.89, 8.71, 7.93, 3.1, 4.46, 3.69, 10.35, 5.42, 2.86, 10.81, 4.15, 11.1, 3.19, 5.25, 11.05, 11.55, 10.49, 4.12, 10.26, 3.89, 6.56, 10.11, 5.32, 9.2, 6.28, 11.74, 9.02, 3.71, 5.18, 68.77, 5.97, 4.07, 6.01, 10.05, 0, 8.6, 7.11, 2.87, 3.58, 6.11, 6.53, 9.2, 3.24, 7.54, 2.51, 8.94, 7.74, 8.04, 8.07, 9.66, 5.61, 9.02, 2.8, 3.26, 7.03, 7.56, 6.42, 3.42, 8.64, 11.24, 2.37, 10.73, 6.24, 9.81, 4.83, 1.98, 2.58, 1.52, 8.65, 1.07, 10.78, 2.72, 0.6, 5.4, 5.61, 5.43, 7.23, 3.78, 6.42, 5.6, 72.98, 7.45, 10.86, 5.53, 5.99, 8.6, 0, 6.42, 6.55, 7.23, 4.42, 8.94, 2.92, 8.75, 5.82, 7.4, 1.16, 2.17, 10.23, 2.74, 2.21, 7.63, 11.14, 8.49, 5.36, 4.53, 2.73, 4.62, 10.8, 9.77, 4.64, 8.34, 3.13, 6.18, 3.12, 5.89, 9.27, 11.01, 9.34, 2.59, 9.07, 3.37, 11.28, 8.46, 7.2, 11.15, 3.18, 6.49, 5.5, 5.74, 3.57, 71.34, 2.36, 6.6, 1.92, 3.33, 7.11, 6.42, 0, 4.31, 3.62, 3.17, 2.88, 4.51, 5.5, 10.25, 5.31, 6.24, 7.02, 3.86, 4.53, 6.76, 2.95, 4.72, 5.54, 5.75, 2.63, 4.46, 2.68, 7.03, 3.36, 5.63, 8.16, 6.19, 9.7, 4.99, 3.28, 8.14, 8.32, 7.44, 4.92, 7.22, 6.04, 8.87, 7.22, 2.77, 5.95, 4.96, 10.53, 7.08, 1.78, 3.69, 69.95, 3.45, 4.37, 3.15, 7.18, 2.87, 6.55, 4.31, 0, 1.74, 3.3, 4.43, 6.55, 3.06, 7.54, 2.11, 6.76, 6.12, 6.06, 5.58, 7.48, 3.18, 7.11, 2.72, 3.15, 4.18, 5.12, 3.57, 4.25, 6.38, 8.5, 3.87, 8.18, 6.56, 7.17, 2.74, 3.88, 4.7, 3.35, 6.17, 3.1, 8.19, 5.11, 2.94, 2.84, 5.06, 3.47, 7.53, 3.62, 3.56, 3.1, 69.86, 2.4, 3.68, 2.76, 6.78, 3.58, 7.23, 3.62, 1.74, 0, 3.33, 3.21, 6.73, 2.7, 8.76, 2.56, 7.35, 7.02, 4.83, 5.97, 8.05, 2.87, 5.88, 2.68, 3.5, 4.04, 5.58, 3.48, 3.81, 5.22, 8.49, 4.88, 8.43, 7.8, 7.33, 2.29, 4.61, 4.77, 3.83, 6.54, 3.63, 8.4, 5.29, 3.74, 2.53, 4.01, 4.35, 8.78, 4.87, 3.07, 3.66, 71.49, 3.03, 6.98, 2.16, 4.06, 6.11, 4.42, 3.17, 3.3, 3.33, 0, 4.52, 3.39, 5.22, 8, 4.39, 4.37, 4.8, 5.87, 2.77, 5, 3.23, 6.83, 5.09, 3.9, 1.85, 2.51, 0.81, 7.14, 5.56, 5.22, 6.76, 5.11, 7.53, 4, 2.38, 7.08, 7.94, 6.65, 3.31, 6.39, 5.07, 8.39, 6.13, 2.81, 6.91, 2.7, 8.32, 5.09, 1.97, 1.98, 70.07, 2.08, 4.45, 3.41, 5.96, 6.53, 8.94, 2.88, 4.43, 3.21, 4.52, 0, 7.36, 4.32, 11.72, 4.98, 8.86, 9.23, 2.26, 7.19, 9.45, 1.97, 2.68, 4.56, 6.58, 4.58, 7.01, 4.34, 5.11, 2.95, 8.48, 8.01, 9.06, 10.88, 7.86, 3.36, 7.51, 6.82, 6.55, 7.65, 6.42, 8.92, 7.44, 6.75, 2.6, 3.3, 6.75, 11.82, 7.98, 3.25, 5.65, 73.14, 5.98, 10.36, 4.21, 3.12, 9.2, 2.92, 4.51, 6.55, 6.73, 3.39, 7.36, 0, 8.59, 8.52, 7.61, 2.43, 4.29, 8.33, 1.93, 2.63, 6.31, 9.1, 8.44, 6.37, 2.86, 2.64, 3.3, 10.54, 7.64, 2.98, 9.48, 2.42, 8.6, 1.18, 5.1, 10.08, 11.25, 9.83, 2.1, 9.56, 2.33, 11.66, 9.16, 5.97, 10.16, 4.23, 9.1, 7.09, 4.18, 3.62, 68.93, 4.06, 3.13, 4.71, 8.72, 3.24, 8.75, 5.5, 3.06, 2.7, 5.22, 4.32, 8.59, 0, 9.15, 2.17, 8.96, 8.28, 5.76, 7.71, 9.67, 3.64, 6.72, 0.75, 4.06, 5.98, 7.28, 5.4, 2.85, 6.44, 10.42, 3.99, 10.27, 7.99, 9.2, 3.58, 3.24, 2.83, 3.1, 8.3, 2.94, 10.25, 3.38, 2.61, 3.55, 3.41, 5.65, 9, 5.16, 5.01, 5.27, 71.41, 10.39, 11.35, 8.92, 11.25, 7.54, 5.82, 10.25, 7.54, 8.76, 8, 11.72, 8.52, 9.15, 0, 7.62, 6.43, 4.28, 7.24, 7.2, 6.79, 10.32, 7.81, 8.77, 5.27, 8.71, 6.81, 8.4, 10.86, 7.24, 10.44, 6.2, 8.95, 1.93, 8.86, 8.43, 7.54, 10.02, 8.28, 7.43, 8.09, 9.19, 9.96, 7.25, 9.88, 6.78, 5.3, 1.55, 4, 9.33, 6.57, 69.45, 4.24, 3.82, 4.21, 8.26, 2.51, 7.4, 5.31, 2.11, 2.56, 4.39, 4.98, 7.61, 2.17, 7.62, 0, 7.67, 6.81, 6.57, 6.59, 8.39, 3.91, 7.6, 1.67, 2.5, 5.28, 6.11, 4.67, 3.52, 7.04, 9.58, 3.04, 9.22, 6.5, 8.23, 3.02, 2.83, 3.67, 3.13, 7.18, 2.79, 9.24, 4.05, 2.67, 3.65, 4.87, 4.24, 7.5, 3.62, 4.61, 4.09, 73.15, 7.37, 11.02, 5.46, 5.53, 8.94, 1.16, 6.24, 6.76, 7.35, 4.37, 8.86, 2.43, 8.96, 6.43, 7.67, 0, 3.01, 10.08, 2.37, 1.38, 7.59, 10.96, 8.72, 5.75, 4.35, 2.58, 4.51, 11, 9.56, 4.05, 8.78, 2.53, 6.77, 2.57, 5.93, 9.66, 11.31, 9.67, 2, 9.4, 2.77, 11.61, 8.82, 7.18, 11.21, 3.51, 7.09, 5.99, 5.62, 3.71, 72.47, 7.74, 10.49, 5.9, 7.21, 7.74, 2.17, 7.02, 6.12, 7.02, 4.8, 9.23, 4.29, 8.28, 4.28, 6.81, 3.01, 0, 10.66, 3.07, 2.63, 7.84, 11.63, 7.97, 4.49, 5.2, 2.8, 5.1, 10.31, 10.35, 6.16, 7.23, 4.69, 4.62, 4.59, 5.95, 8.28, 10.25, 8.51, 3.2, 8.25, 4.93, 10.45, 7.56, 7.39, 11.03, 2.68, 4.93, 4.3, 6.21, 3.59, 70.08, 2.96, 5.4, 4.76, 6.38, 8.04, 10.23, 3.86, 6.06, 4.83, 5.87, 2.26, 8.33, 5.76, 7.24, 6.57, 10.08, 10.66, 0, 8.38, 10.62, 3, 2.03, 6.03, 8.21, 5.73, 8.27, 5.63, 6.18, 2.22, 9.13, 9.57, 9.96, 6.8, 8.77, 4.91, 9, 8.02, 7.98, 8.79, 7.88, 9.78, 8.65, 8.28, 3.44, 3.84, 8.27, 7.3, 9.61, 4.5, 7.11, 72.67, 5.72, 9.65, 3.81, 4.14, 8.07, 2.74, 4.53, 5.58, 5.97, 2.77, 7.19, 1.93, 7.71, 7.2, 6.59, 2.37, 3.07, 8.38, 0, 3.14, 5.97, 9.25, 7.52, 5.09, 2.65, 1.02, 2.86, 9.72, 7.85, 3.52, 8.22, 2.66, 7.22, 2.64, 4.43, 8.9, 10.25, 8.73, 1.14, 8.46, 2.74, 10.62, 8, 5.57, 9.68, 2.88, 7.75, 5.72, 3.94, 2.5, 73.5, 7.98, 11.72, 6.06, 5.73, 9.66, 2.21, 6.76, 7.48, 8.05, 5, 9.45, 2.63, 9.67, 6.79, 8.39, 1.38, 2.63, 10.62, 3.14, 0, 8.21, 11.47, 9.43, 6.45, 4.9, 2.5, 5.11, 11.72, 10.05, 3.89, 9.47, 3.09, 7.25, 2.6, 6.6, 10.36, 6.54, 10.39, 2.56, 10.12, 2.51, 6.7, 9.54, 7.81, 11.88, 4.23, 7.49, 6.65, 6.2, 4.41, 70.3, 0.87, 4.49, 2.99, 5.45, 5.61, 7.63, 2.95, 3.18, 2.87, 3.23, 1.97, 6.31, 3.64, 10.32, 3.91, 7.59, 7.84, 3, 5.97, 8.21, 0, 4.05, 3.77, 5.23, 3.46, 5.73, 3.11, 4.96, 3.19, 7.68, 6.94, 8.04, 9.51, 6.85, 2.69, 6.63, 6.39, 5.77, 6.47, 5.59, 7.93, 6.98, 5.79, 0.88, 3.89, 5.34, 10.44, 6.64, 2.95, 4.26, 70.07, 3.99, 6.14, 5.72, 6.89, 9.02, 11.14, 4.72, 7.11, 5.88, 6.83, 2.68, 9.1, 6.72, 7.81, 7.6, 10.96, 11.63, 2.03, 9.25, 11.47, 4.05, 0, 7.01, 9.26, 6.61, 9.18, 6.56, 6.95, 2.06, 9.71, 10.58, 10.66, 7.37, 9.49, 5.95, 9.96, 8.85, 8.93, 9.63, 8.83, 10.47, 9.48, 9.27, 4.49, 4.44, 9.28, 7.88, 10.67, 5.43, 8.1, 69.01, 4.18, 2.62, 4.67, 8.71, 2.8, 8.49, 5.54, 2.72, 2.68, 5.09, 4.56, 8.44, 0.75, 8.77, 1.67, 8.72, 7.97, 6.03, 7.52, 9.43, 3.77, 7.01, 0, 3.7, 5.89, 7.08, 5.31, 3.25, 6.68, 10.31, 3.64, 10.1, 7.61, 9.05, 3.5, 2.96, 2.86, 2.8, 8.11, 2.59, 10.1, 3.36, 3.15, 3.64, 3.8, 5.36, 8.61, 4.78, 5, 5.05, 70.35, 5.39, 6.31, 4.38, 7.93, 3.26, 5.36, 5.75, 3.15, 3.5, 3.9, 6.58, 6.37, 4.06, 5.27, 2.5, 5.75, 4.49, 8.21, 5.09, 6.45, 5.23, 9.26, 3.7, 0, 4.85, 4.56, 4.31, 5.99, 8.38, 8.5, 3.13, 7.73, 4.31, 6.95, 3.51, 3.91, 5.76, 4.02, 5.64, 3.76, 7.83, 5.97, 3.1, 4.82, 7.26, 3.14, 5.28, 1.96, 4.85, 2.84, 71.83, 3.15, 7.58, 1.9, 3.1, 7.03, 4.53, 2.63, 4.18, 4.04, 1.85, 4.58, 2.86, 5.98, 8.71, 5.28, 4.35, 5.2, 5.73, 2.65, 4.9, 3.46, 6.61, 5.89, 4.85, 0, 2.57, 1.17, 7.83, 5.24, 4.45, 7.72, 4.59, 8.34, 3.42, 3.33, 8, 8.75, 7.53, 3.08, 7.28, 4.5, 9.23, 7.06, 3.11, 7.31, 3.46, 9.09, 6.01, 1.86, 3.09, 72.44, 5.52, 9.26, 3.6, 4.46, 7.56, 2.73, 4.46, 5.12, 5.58, 2.51, 7.01, 2.64, 