Instance
HEVTSP 2 50 2 TW 2

Customers
50

Service Time (same as Distance for all Modes: combustion, combustion+charging, electric, combustion+electric) (Depot, 1, ..., N, Depot)
0, 3, 2, 5, 1, 8, 6, 10, 4, 6, 4, 2, 2, 3, 9, 6, 10, 9, 4, 5, 6, 4, 5, 8, 2, 6, 2, 10, 1, 1, 8, 9, 7, 1, 9, 7, 8, 2, 2, 1, 6, 7, 1, 2, 9, 9, 8, 9, 6, 2, 5, 0

Initial Charging
0

Max Charging (in Watt/h)
16800

Charging Rate (in Watt/h)
12000

Discharging Rate (in Watt/h)
48000

Coordinates (Used for GUI, not necessarily related to Distances, Time, Costs)
0, 0, 23110, 21890, 22870, 24680, 23670, 24740, 24450, 21580, 24770, 21400, 24920, 22460, 24450, 24410, 20490, 21660, 24230, 20170, 20560, 23720, 24140, 22670, 21890, 23250, 20770, 22680, 23360, 22240, 23340, 22170, 20720, 24060, 21310, 22620, 21530, 21250, 23150, 20630, 23350, 22110, 24560, 22060, 24850, 24600, 21440, 20740, 23000, 23280, 21240, 21790, 22110, 21350, 23200, 21080, 21130, 23040, 23080, 24100, 21690, 24180, 24760, 22720, 24340, 21040, 24100, 21080, 22380, 21530, 20040, 24850, 21570, 24960, 24970, 21340, 23470, 23520, 23700, 23590, 21110, 20130, 20710, 24220, 22110, 21080, 20130, 24800, 20160, 24210, 24390, 21160, 23780, 23240, 22840, 20710, 20070, 23090, 24860, 24790, 24780, 20780

Distances (Depot-Depot, Depot-1, Depot-..., Depot-N, 1-Depot, 1-1, ..., M-N)
0, 31831, 33647, 34239, 32611, 32734, 33548, 34549, 29816, 31527, 31390, 33116, 31933, 30753, 32254, 32191, 31752, 31077, 30251, 31008, 32157, 33013, 34967, 29830, 32726, 30429, 30736, 31347, 31262, 33369, 32483, 33604, 32173, 32018, 31055, 31924, 32989, 32847, 33227, 33439, 29169, 31867, 30549, 31941, 31505, 32290, 33250, 30831, 30593, 35108, 32340, 31831, 0, 2800, 2904, 1375, 1731, 1898, 2854, 2630, 2053, 3139, 1292, 1827, 2470, 430, 362, 3228, 1942, 1705, 1261, 326, 1460, 3221, 2028, 1394, 1873, 1136, 815, 2290, 2210, 2695, 1847, 1495, 1279, 814, 4265, 3435, 1940, 1669, 1799, 2664, 3345, 1287, 4165, 3753, 1474, 1507, 1210, 3268, 3387, 2005, 33647, 2800, 0, 802, 3479, 3791, 3022, 1603, 3845, 4711, 2502, 2378, 1734, 2900, 2489, 2554, 2238, 2584, 3682, 4060, 2614, 3118, 1982, 4191, 1406, 3318, 3416, 3615, 2391, 617, 1282, 2723, 3926, 3804, 3188, 2835, 1330, 3945, 1306, 1370, 4879, 2208, 3679, 2743, 2750, 3834, 1703, 3970, 3220, 1993, 4343, 34239, 2904, 802, 0, 3255, 3516, 2600, 847, 4427, 4604, 3273, 2123, 2321, 3557, 2519, 2591, 3027, 3172, 4094, 4143, 2649, 2824, 1188, 4580, 1606, 3822, 3732, 3690, 3056, 870, 2058, 2295, 3760, 3685, 3460, 3632, 2111, 3640, 1236, 1150, 5273, 3005, 3979, 3541, 3550, 3652, 1504, 4115, 3960, 1191, 4113, 32611, 1375, 3479, 3255, 0, 367, 998, 2830, 3961, 1427, 4440, 1133, 3057, 3841, 1274, 1257, 4479, 3308, 2939, 1610, 1221, 492, 3046, 3125, 2234, 3217, 2351, 1346, 3627, 2868, 3792, 1181, 551, 610, 2071, 5490, 4441, 573, 2173, 2145, 3641, 4578, 2393, 5388, 5032, 424, 1790, 1830, 4633, 3236, 865, 32734, 1731, 3791, 3516, 367, 0, 1071, 3027, 4288, 1343, 4807, 1418, 3423, 4200, 1641, 1624, 4845, 3669, 3243, 1794, 1588, 693, 3201, 3395, 2582, 3551, 2660, 1602, 3992, 3185, 4149, 1320, 561, 742, 2394, 5855, 4787, 209, 2487, 2437, 3874, 4943, 2679, 5752, 5399, 449, 2089, 2050, 4995, 3391, 620, 33548, 1898, 3022, 2600, 998, 1071, 0, 2006, 4502, 2392, 4538, 808, 3131, 4156, 1575, 1606, 4494, 3614, 3599, 2546, 1609, 538, 2141, 3882, 2088, 3740, 3021, 2205, 3834, 2465, 3659, 305, 1534, 1605, 2705, 5434, 4180, 1121, 1796, 1663, 4466, 4563, 3131, 5331, 5071, 1404, 1381, 2718, 4891, 2331, 1686, 34549, 2854, 1603, 847, 2830, 3027, 2006, 0, 4821, 4246, 3951, 1767, 2811, 4066, 2428, 2500, 3746, 3614, 4303, 3997, 2550, 2353, 443, 4746, 1838, 4143, 3852, 3557, 3592, 1405, 2770, 1718, 3372, 3348, 3547, 4432, 2932, 3114, 1324, 1111, 5429, 3745, 4070, 4338, 4295, 3251, 1348, 4035, 4575, 559, 3645, 29816, 2630, 3845, 4427, 3961, 4288, 4502, 4821, 0, 4026, 2061, 3787, 2119, 1058, 2928, 2895, 2411, 1263, 1118, 2852, 2895, 4090, 5259, 1322, 2987, 761, 1649, 2771, 1521, 3558, 2791, 4400, 3900, 3656, 1894, 3222, 3472, 4491, 3513, 3746, 1651, 2569, 1721, 3161, 2571, 3932, 3650, 2535, 1490, 5375, 4379, 31527, 2053, 4711, 4604, 1427, 1343, 2392, 4246, 4026, 0, 5106, 2502, 3868, 4275, 2245, 2189, 5239, 3812, 2908, 1174, 2130, 1919, 4473, 2848, 3344, 3401, 2426, 1374, 4225, 4095, 4747, 2604, 877, 919, 2296, 6282, 5479, 1384, 3435, 3461, 3120, 5366, 2307, 6184, 5735, 1003, 3103, 1491, 5083, 4663, 821, 31390, 3139, 2502, 3273, 4440, 4807, 4538, 3951, 2061, 5106, 0, 3731, 1411, 1061, 3167, 3183, 376, 1331, 2654, 4032, 3221, 4331, 4379, 3107, 2479, 2046, 2832, 3734, 887, 2548, 1220, 4317, 4634, 4416, 2848, 1244, 1599, 5011, 2917, 3143, 3632, 522, 3061, 1162, 633, 4607, 3256, 3776, 798, 4431, 5143, 33116, 1292, 2378, 2123, 1133, 1418, 808, 1767, 3787, 2502, 3731, 0, 2324, 3370, 891, 943, 3692, 2830, 2971, 2268, 968, 741, 2056, 3319, 1293, 3031, 2421, 1847, 3033, 1780, 2878, 622, 1642, 1591, 2097, 4644, 3442, 1568, 1082, 1020, 3954, 3764, 2579, 4541, 4268, 1531, 674, 2352, 4092, 2239, 1995, 31933, 1827, 1734, 2321, 3057, 3423, 3131, 2811, 2119, 3868, 1411, 2324, 0, 1257, 1784, 1808, 1423, 856, 2032, 2907, 1852, 2923, 3253, 2550, 1110, 1598, 1913, 2535, 788, 1462, 951, 2919, 3299, 3097, 1788, 2446, 1740, 3624, 1603, 1842, 3216, 1528, 2181, 2345, 1979, 3259, 1890, 2712, 1827, 3346, 3802, 30753, 2470, 2900, 3557, 3841, 4200, 4156, 4066, 1058, 4275, 1061, 3370, 1257, 0, 2627, 2620, 1381, 543, 1619, 3141, 2642, 3840, 4509, 2052, 2309, 1006, 1888, 2909, 509, 2712, 1760, 3990, 3929, 3694, 1979, 2289, 2416, 4409, 2828, 3068, 2573, 1541, 2087, 2214, 1647, 3926, 3062, 2858, 811, 4602, 4437, 32254, 430, 2489, 2519, 1274, 1641, 1575, 2428, 2928, 2245, 3167, 891, 1784, 2627, 0, 73, 3207, 2085, 2081, 1624, 130, 1213, 2791, 2436, 1101, 2167, 1534, 1171, 2369, 1881, 2560, 1480, 1549, 1376, 1210, 4223, 3256, 1844, 1285, 1392, 3085, 3308, 1705, 4121, 3758, 1492, 1085, 1616, 3398, 2958, 2037, 32191, 362, 2554, 2591, 1257, 1624, 1606, 2500, 2895, 2189, 3183, 943, 1808, 2620, 73, 0, 3231, 2079, 2030, 1552, 61, 1225, 2861, 2378, 1161, 2134, 1478, 1099, 2375, 1947, 2600, 1523, 1509, 1329, 1154, 4251, 3304, 1829, 1356, 1465, 3022, 3335, 1643, 4150, 3778, 1457, 1157, 1543, 3397, 3029, 2001, 31752, 3228, 2238, 3027, 4479, 4845, 4494, 3746, 2411, 5239, 376, 3692, 1423, 1381, 3207, 3231, 0, 1556, 2924, 4204, 3274, 4330, 4165, 3397, 2410, 2329, 3046, 3877, 1099, 2360, 977, 4256, 4714, 4506, 3026, 1042, 1238, 5046, 2803, 3017, 3949, 160, 3288, 946, 580, 4677, 3168, 3964, 1168, 4204, 5219, 31077, 1942, 2584, 3172, 3308, 3669, 3614, 3614, 1263, 3812, 1331, 2830, 856, 543, 2085, 2079, 1556, 0, 1388, 2710, 2103, 3298, 4056, 1884, 1814, 833, 1501, 2438, 457, 2307, 1606, 3451, 3417, 3187, 1527, 2566, 2354, 3877, 2340, 2579, 2498, 1709, 1735, 2479, 1962, 3409, 2547, 2447, 1326, 4161, 3928, 30251, 1705, 3682, 4094, 2939, 3243, 3599, 4303, 1118, 2908, 2654, 2971, 2032, 1619, 2081, 2030, 2924, 1388, 0, 1735, 2013, 3136, 4716, 518, 2506, 613, 589, 1679, 1834, 3244, 2934, 3549, 2818, 2576, 895, 3896, 3710, 3441, 2986, 3191, 1196, 3081, 604, 3816, 3262, 2861, 3004, 1417, 2349, 4860, 3284, 31008, 1261, 4060, 4143, 1610, 1794, 2546, 3997, 2852, 1174, 4032, 2268, 2907, 3141, 1624, 1552, 4204, 2710, 1735, 0, 1493, 2008, 4319, 1714, 2654, 2235, 1265, 453, 3145, 3471, 3839, 2638, 1259, 1051, 1184, 5242, 4609, 1954, 2908, 3011, 2100, 4341, 1133, 5149, 4664, 1349, 2685, 320, 3942, 4498, 1637, 32157, 326, 2614, 2649, 1221, 1588, 1609, 2550, 2895, 2130, 3221, 968, 1852, 2642, 130, 61, 3274, 2103, 2013, 1493, 0, 1211, 2907, 2351, 1221, 2134, 1454, 1041, 2407, 2008, 2653, 1536, 1458, 1274, 1130, 4297, 3360, 1794, 1415, 1521, 2990, 3380, 1612, 4196, 3819, 1409, 1209, 1490, 3423, 3076, 1953, 33013, 1460, 3118, 2824, 492, 693, 538, 2353, 4090, 1919, 4331, 741, 2923, 3840, 1213, 1225, 4330, 3298, 3136, 2008, 1211, 0, 2557, 3388, 1980, 3331, 2551, 1676, 3567, 2520, 3568, 690, 1043, 1083, 2244, 5312, 4165, 829, 1822, 1755, 3953, 4415, 2639, 5209, 4897, 916, 1414, 2187, 4607, 2746, 1299, 34967, 3221, 1982, 1188, 3046, 3201, 2141, 443, 5259, 4473, 4379, 2056, 3253, 4509, 2791, 2861, 4165, 4056, 4716, 4319, 2907, 2557, 0, 5151, 2273, 4575, 4251, 3888, 4034, 1839, 3188, 1882, 3596, 3599, 3940, 4816, 3300, 3262, 1752, 1531, 5828, 4157, 4461, 4724, 4706, 3471, 1730, 4379, 5013, 190, 3821, 29830, 2028, 4191, 4580, 3125, 3395, 3882, 4746, 1322, 2848, 3107, 3319, 2550, 2052, 2436, 2378, 3397, 1884, 518, 1714, 2351, 3388, 5151, 0, 2981, 1069, 906, 1793, 2321, 3739, 3449, 3866, 2915, 2682, 1228, 4342, 4222, 3581, 3442, 3637, 694, 3556, 751, 4266, 3699, 2980, 3424, 1400, 2720, 5301, 3340, 32726, 1394, 1406, 1606, 2234, 2582, 2088, 1838, 2987, 3344, 2479, 1293, 1110, 2309, 1101, 1161, 2410, 1814, 2506, 2654, 1221, 1980, 2273, 2981, 0, 2306, 2125, 2209, 1885, 824, 1589, 1847, 2610, 2460, 1857, 3351, 2206, 2765, 528, 766, 3673, 2475, 2373, 3248, 2988, 2535, 781, 2575, 2936, 2396, 3069, 30429, 1873, 3318, 3822, 3217, 3551, 3740, 4143, 761, 3401, 2046, 3031, 1598, 1006, 2167, 2134, 2329, 833, 613, 2235, 2134, 3331, 4575, 1069, 2306, 0, 975, 2085, 1255, 2953, 2432, 3641, 3189, 2947, 1169, 3287, 3187, 3757, 2822, 3048, 1665, 2487, 1123, 3208, 2650, 3212, 2925, 1930, 1749, 4702, 3681, 30736, 1136, 3416, 3732, 2351, 2660, 3021, 3852, 1649, 2426, 2832, 2421, 1913, 1888, 1534, 1478, 3046, 1501, 589, 1265, 1454, 2551, 4251, 906, 2125, 975, 0, 1123, 1954, 2916, 2861, 2983, 2251, 2008, 324, 4066, 3650, 2860, 2561, 2747, 1577, 3193, 270, 3978, 3462, 2288, 2522, 971, 2681, 4404, 2730, 31347, 815, 3615, 3690, 1346, 1602, 2205, 3557, 2771, 1374, 3734, 1847, 2535, 2909, 1171, 1099, 3877, 2438, 1679, 453, 1041, 1676, 3888, 1793, 2209, 2085, 1123, 0, 2851, 3022, 3448, 2263, 1141, 900, 935, 4919, 4208, 1789, 2455, 2559, 2296, 4007, 1090, 4823, 4363, 1193, 2237, 516, 3720, 4064, 1608, 31262, 2290, 2391, 3056, 3627, 3992, 3834, 3592, 1521, 4225, 887, 3033, 788, 509, 2369, 2375, 1099, 457, 1834, 3145, 2407, 3567, 4034, 2321, 1885, 1255, 1954, 2851, 0, 2219, 1270, 3644, 3782, 3558, 1960, 2113, 1970, 4199, 2389, 2628, 2910, 1253, 2191, 2024, 1520, 3763, 2658, 2890, 1061, 4120, 4293, 33369, 2210, 617, 870, 2868, 3185, 2465, 1405, 3558, 4095, 2548, 1780, 1462, 2712, 1881, 1947, 2360, 2307, 3244, 3471, 2008, 2520, 1839, 3739, 824, 2953, 2916, 3022, 2219, 0, 1392, 2174, 3309, 3188, 2664, 3131, 1738, 3345, 699, 803, 4432, 2373, 3172, 3032, 2922, 3219, 1109, 3398, 3175, 1909, 3730, 32483, 2695, 1282, 2058, 3792, 4149, 3659, 2770, 2791, 4747, 1220, 2878, 951, 1760, 2560, 2600, 977, 1606, 2934, 3839, 2653, 3568, 3188, 3449, 1589, 2432, 2861, 3448, 1270, 1392, 0, 3399, 4109, 3927, 2738, 1781, 789, 4339, 1898, 2095, 4091, 981, 3128, 1679, 1530, 4051, 2292, 3656, 1953, 3228, 4594, 33604, 1847, 2723, 2295, 1181, 1320, 305, 1718, 4400, 2604, 4317, 622, 2919, 3990, 1480, 1523, 4256, 3451, 3549, 2638, 1536, 690, 1882, 3866, 1847, 3641, 2983, 2263, 3644, 2174, 3399, 0, 1732, 1768, 2661, 5178, 3898, 1396, 1518, 1371, 4476, 4319, 3116, 5076, 4835, 1603, 1109, 2780, 4705, 2072, 1940, 32173, 1495, 3926, 3760, 551, 561, 1534, 3372, 3900, 877, 4634, 1642, 3299, 3929, 1549, 1509, 4714, 3417, 2818, 1259, 1458, 1043, 3596, 2915, 2610, 3189, 2251, 1141, 3782, 3309, 4109, 1732, 0, 243, 2020, 5745, 4800, 698, 2628, 2629, 3356, 4826, 2230, 5645, 5246, 130, 2270, 1536, 4737, 3786, 511, 32018, 1279, 3804, 3685, 610, 742, 1605, 3348, 3656, 919, 4416, 1591, 3097, 3694, 1376, 1329, 4506, 3187, 2576, 1051, 1274, 1083, 3599, 2682, 2460, 2947, 2008, 900, 3558, 3188, 3927, 1768, 243, 0, 1778, 5540, 4632, 908, 2520, 2542, 3137, 4621, 1990, 5441, 5032, 301, 2184, 1313, 4503, 3787, 743, 31055, 814, 3188, 3460, 2071, 2394, 2705, 3547, 1894, 2296, 2848, 2097, 1788, 1979, 1210, 1154, 3026, 1527, 895, 1184, 1130, 2244, 3940, 1228, 1857, 1169, 324, 935, 1960, 2664, 2738, 2661, 2020, 1778, 0, 4062, 3524, 2597, 2269, 2447, 1890, 3166, 525, 3969, 3480, 2044, 2210, 940, 2787, 4096, 2514, 31924, 4265, 2835, 3632, 5490, 5855, 5434, 4432, 3222, 6282, 1244, 4644, 2446, 2289, 4223, 4251, 1042, 2566, 3896, 5242, 4297, 5312, 4816, 4342, 3351, 3287, 4066, 4919, 2113, 3131, 1781, 5178, 5745, 5540, 4062, 0, 1534, 6052, 3679, 3871, 4840, 920, 4301, 103, 651, 5704, 4072, 4998, 1760, 4820, 6248, 32989, 3435, 1330, 2111, 4441, 4787, 4180, 2932, 3472, 5479, 1599, 3442, 1740, 2416, 3256, 3304, 1238, 2354, 3710, 4609, 3360, 4165, 3300, 4222, 2206, 3187, 3650, 4208, 1970, 1738, 789, 3898, 4800, 4632, 3524, 1534, 0, 4966, 2384, 2533, 4852, 1135, 3917, 1449, 1597, 4732, 2800, 4436, 2397, 3294, 5270, 32847, 1940, 3945, 3640, 573, 209, 1121, 3114, 4491, 1384, 5011, 1568, 3624, 4409, 1844, 1829, 5046, 3877, 3441, 1954, 1794, 829, 3262, 3581, 2765, 3757, 2860, 1789, 4199, 3345, 4339, 1396, 698, 908, 2597, 6052, 4966, 0, 2646, 2584, 4045, 5142, 2872, 5950, 5601, 607, 2242, 2221, 5203, 3452, 591, 33227, 1669, 1306, 1236, 2173, 2487, 1796, 1324, 3513, 3435, 2917, 1082, 1603, 2828, 1285, 1356, 2803, 2340, 2986, 2908, 1415, 1822, 1752, 3442, 528, 2822, 2561, 2455, 2389, 699, 1898, 1518, 2628, 2520, 2269, 3679, 2384, 2646, 0, 240, 4131, 2847, 2793, 3577, 3381, 2533, 418, 2880, 3427, 1883, 3037, 33439, 1799, 1370, 1150, 2145, 2437, 1663, 1111, 3746, 3461, 3143, 1020, 1842, 3068, 1392, 1465, 3017, 2579, 3191, 3011, 1521, 1755, 1531, 3637, 766, 3048, 2747, 2559, 2628, 803, 2095, 1371, 2629, 2542, 2447, 3871, 2533, 2584, 240, 0, 4322, 3056, 2971, 3769, 3594, 2526, 359, 3006, 3664, 1669, 3010, 29169, 2664, 4879, 5273, 3641, 3874, 4466, 5429, 1651, 3120, 3632, 3954, 3216, 2573, 3085, 3022, 3949, 2498, 1196, 2100, 2990, 3953, 5828, 694, 3673, 1665, 1577, 2296, 2910, 4432, 4091, 4476, 3356, 3137, 1890, 4840, 4852, 4045, 4131, 4322, 0, 4110, 1379, 4772, 4189, 3438, 4099, 1825, 3137, 5981, 3727, 31867, 3345, 2208, 3005, 4578, 4943, 4563, 3745, 2569, 5366, 522, 3764, 1528, 1541, 3308, 3335, 160, 1709, 3081, 4341, 3380, 4415, 4157, 3556, 2475, 2487, 3193, 4007, 1253, 2373, 981, 4319, 4826, 4621, 3166, 920, 1135, 5142, 2847, 3056, 4110, 0, 3438, 820, 550, 4786, 3223, 4106, 1299, 4189, 5329, 30549, 1287, 3679, 3979, 2393, 2679, 3131, 4070, 1721, 2307, 3061, 2579, 2181, 2087, 1705, 1643, 3288, 1735, 604, 1133, 1612, 2639, 4461, 751, 2373, 1123, 270, 1090, 2191, 3172, 3128, 3116, 2230, 1990, 525, 4301, 3917, 2872, 2793, 2971, 1379, 3438, 0, 4214, 3688, 2281, 2730, 818, 2864, 4618, 2687, 31941, 4165, 2743, 3541, 5388, 5752, 5331, 4338, 3161, 6184, 1162, 4541, 2345, 2214, 4121, 4150, 946, 2479, 3816, 5149, 4196, 5209, 4724, 4266, 3248, 3208, 3978, 4823, 2024, 3032, 1679, 5076, 5645, 5441, 3969, 103, 1449, 5950, 3577, 3769, 4772, 820, 4214, 0, 591, 5603, 3969, 4906, 1711, 4730, 6147, 31505, 3753, 2750, 3550, 5032, 5399, 5071, 4295, 2571, 5735, 633, 4268, 1979, 1647, 3758, 3778, 580, 1962, 3262, 4664, 3819, 4897, 4706, 3699, 2988, 2650, 3462, 4363, 1520, 2922, 1530, 4835, 5246, 5032, 3480, 651, 1597, 5601, 3381, 3594, 4189, 550, 3688, 591, 0, 5215, 3748, 4408, 1124, 4736, 5754, 32290, 1474, 3834, 3652, 424, 449, 1404, 3251, 3932, 1003, 4607, 1531, 3259, 3926, 1492, 1457, 4677, 3409, 2861, 1349, 1409, 916, 3471, 2980, 2535, 3212, 2288, 1193, 3763, 3219, 4051, 1603, 130, 301, 2044, 5704, 4732, 607, 2533, 2526, 3438, 4786, 2281, 5603, 5215, 0, 2168, 1614, 4732, 3660, 545, 33250, 1507, 1703, 1504, 1790, 2089, 1381, 1348, 3650, 3103, 3256, 674, 1890, 3062, 1085, 1157, 3168, 2547, 3004, 2685, 1209, 1414, 1730, 3424, 781, 2925, 2522, 2237, 2658, 1109, 2292, 1109, 2270, 2184, 2210, 4072, 2800, 2242, 418, 359, 4099, 3223, 2730, 3969, 3748, 2168, 0, 2699, 3713, 1889, 2655, 30831, 1210, 3970, 4115, 1830, 2050, 2718, 4035, 2535, 1491, 3776, 2352, 2712, 2858, 1616, 1543, 3964, 2447, 1417, 320, 1490, 2187, 4379, 1400, 2575, 1930, 971, 516, 2890, 3398, 3656, 2780, 1536, 1313, 940, 4998, 4436, 2221, 2880, 3006, 1825, 4106, 818, 4906, 4408, 1614, 2699, 0, 3652, 4553, 1941, 30593, 3268, 3220, 3960, 4633, 4995, 4891, 4575, 1490, 5083, 798, 4092, 1827, 811, 3398, 3397, 1168, 1326, 2349, 3942, 3423, 4607, 5013, 2720, 2936, 1749, 2681, 3720, 1061, 3175, 1953, 4705, 4737, 4503, 2787, 1760, 2397, 5203, 3427, 3664, 3137, 1299, 2864, 1711, 1124, 4732, 3713, 3652, 0, 5083, 5246, 35108, 3387, 1993, 1191, 3236, 3391, 2331, 559, 5375, 4663, 4431, 2239, 3346, 4602, 2958, 3029, 4204, 4161, 4860, 4498, 3076, 2746, 190, 5301, 2396, 4702, 4404, 4064, 4120, 1909, 3228, 2072, 3786, 3787, 4096, 4820, 3294, 3452, 1883, 1669, 5981, 4189, 4618, 4730, 4736, 3660, 1889, 4553, 5083, 0, 4011, 32340, 2005, 4343, 4113, 865, 620, 1686, 3645, 4379, 821, 5143, 1995, 3802, 4437, 2037, 2001, 5219, 3928, 3284, 1637, 1953, 1299, 3821, 3340, 3069, 3681, 2730, 1608, 4293, 3730, 4594, 1940, 511, 743, 2514, 6248, 5270, 591, 3037, 3010, 3727, 5329, 2687, 6147, 5754, 545, 2655, 1941, 5246, 4011, 0

Time (same as Distance for all Modes: combustion, combustion+charging, electric, combustion+electric)
0, 36.04, 38.09, 38.76, 36.92, 37.06, 37.98, 39.11, 33.75, 35.69, 35.54, 37.49, 36.15, 34.81, 36.51, 36.44, 35.95, 35.18, 34.25, 35.1, 36.4, 37.37, 39.59, 33.77, 37.05, 34.45, 34.8, 35.49, 35.39, 37.78, 36.77, 38.04, 36.42, 36.25, 35.16, 36.14, 37.35, 37.19, 37.62, 37.86, 33.02, 36.08, 34.58, 36.16, 35.67, 36.55, 37.64, 34.9, 34.63, 39.74, 36.61, 36.04, 0, 6.72, 6.97, 3.3, 4.15, 4.56, 6.85, 6.31, 4.93, 7.53, 3.1, 4.38, 5.93, 1.98, 1.67, 7.75, 4.66, 4.09, 3.03, 1.5, 3.5, 7.73, 4.87, 3.35, 4.5, 2.73, 2.72, 5.5, 5.3, 6.47, 4.43, 3.59, 3.07, 2.71, 10.24, 8.24, 4.66, 4.01, 4.32, 6.39, 8.03, 3.09, 10, 9.01, 3.54, 3.62, 2.9, 7.84, 8.13, 4.81, 38.09, 6.72, 0, 2.67, 8.35, 9.1, 7.25, 3.85, 9.23, 11.31, 6, 5.71, 4.16, 6.96, 5.97, 6.13, 5.37, 6.2, 8.84, 9.74, 6.27, 7.48, 4.76, 10.06, 3.37, 7.96, 8.2, 8.68, 5.74, 2.06, 3.08, 6.54, 9.42, 9.13, 7.65, 6.8, 3.19, 9.47, 3.13, 3.29, 11.71, 5.3, 8.83, 6.58, 6.6, 9.2, 4.09, 9.53, 7.73, 4.78, 10.42, 38.76, 6.97, 2.67, 0, 7.81, 8.44, 6.24, 2.82, 10.62, 11.05, 7.86, 5.1, 5.57, 8.54, 6.05, 6.22, 7.26, 7.61, 9.83, 9.94, 6.36, 6.78, 2.85, 10.99, 3.85, 9.17, 8.96, 8.86, 7.33, 2.9, 4.94, 5.51, 9.02, 8.84, 8.3, 8.72, 5.07, 8.74, 2.97, 2.76, 10.55, 7.21, 9.55, 8.5, 8.52, 8.76, 3.61, 9.88, 9.5, 2.86, 9.87, 36.92, 3.3, 8.35, 7.81, 0, 1.69, 3.33, 6.79, 9.51, 3.42, 10.66, 2.72, 7.34, 9.22, 3.06, 3.02, 10.75, 7.94, 7.05, 3.86, 2.93, 2.27, 7.31, 7.5, 5.36, 7.72, 5.64, 3.23, 8.7, 6.88, 9.1, 2.83, 1.84, 2.03, 4.97, 10.98, 10.66, 1.91, 5.22, 5.15, 8.74, 10.99, 5.74, 10.78, 10.06, 1.96, 4.3, 4.39, 11.12, 7.77, 2.88, 37.06, 4.15, 9.1, 8.44, 1.69, 0, 2.57, 7.26, 10.29, 3.22, 11.54, 3.4, 8.22, 10.08, 3.94, 3.9, 11.63, 8.81, 7.78, 4.31, 3.81, 2.31, 7.68, 8.15, 6.2, 8.52, 6.38, 3.84, 9.58, 7.64, 9.96, 3.17, 1.87, 2.47, 5.75, 11.71, 11.49, 0.96, 5.97, 5.85, 9.3, 11.86, 6.43, 11.5, 10.8, 2.07, 5.01, 4.92, 11.99, 8.14, 2.07, 37.98, 4.56, 7.25, 6.24, 3.33, 2.57, 0, 4.81, 10.8, 5.74, 10.89, 2.69, 7.51, 9.97, 3.78, 3.85, 10.79, 8.67, 8.64, 6.11, 3.86, 1.79, 5.14, 9.32, 5.01, 8.98, 7.25, 5.29, 9.2, 5.92, 8.78, 1.41, 3.68, 3.85, 6.49, 10.87, 10.03, 2.69, 4.31, 3.99, 10.72, 10.95, 7.51, 10.66, 10.14, 3.37, 3.31, 6.52, 11.74, 5.59, 4.05, 39.11, 6.85, 3.85, 2.82, 6.79, 7.26, 4.81, 0, 11.57, 10.19, 9.48, 4.24, 6.75, 9.76, 5.83, 6, 8.99, 8.67, 10.33, 9.59, 6.12, 5.65, 2.04, 11.39, 4.41, 9.94, 9.24, 8.54, 8.62, 3.37, 6.65, 4.12, 8.09, 8.04, 8.51, 10.64, 7.04, 7.47, 3.18, 2.67, 10.86, 8.99, 9.77, 10.41, 10.31, 7.8, 3.24, 9.68, 10.98, 1.86, 8.75, 33.75, 6.31, 9.23, 10.62, 9.51, 10.29, 10.8, 11.57, 0, 9.66, 4.95, 9.09, 5.09, 2.54, 7.03, 6.95, 5.79, 3.03, 2.68, 6.84, 6.95, 9.82, 10.52, 3.17, 7.17, 2.54, 3.96, 6.65, 3.65, 8.54, 6.7, 10.56, 9.36, 8.77, 4.55, 7.73, 8.33, 10.78, 8.43, 8.99, 3.96, 6.17, 4.13, 7.59, 6.17, 9.44, 8.76, 6.08, 3.58, 10.75, 10.51, 35.69, 4.93, 11.31, 11.05, 3.42, 3.22, 5.74, 10.19, 9.66, 0, 10.21, 6, 9.28, 10.26, 5.39, 5.25, 10.48, 9.15, 6.98, 2.82, 5.11, 4.61, 10.74, 6.84, 8.03, 8.16, 5.82, 3.3, 10.14, 9.83, 11.39, 6.25, 2.92, 3.06, 5.51, 12.56, 10.96, 3.32, 8.24, 8.31, 7.49, 10.73, 5.54, 12.37, 11.47, 2.41, 7.45, 3.58, 10.17, 11.19, 2.74, 35.54, 7.53, 6, 7.86, 10.66, 11.54, 10.89, 9.48, 4.95, 10.21, 0, 8.95, 3.39, 2.55, 7.6, 7.64, 1.74, 3.19, 6.37, 9.68, 7.73, 10.39, 10.51, 7.46, 5.95, 4.91, 6.8, 8.96, 2.96, 6.12, 2.93, 10.36, 11.12, 10.6, 6.84, 2.99, 3.84, 10.02, 7, 7.54, 8.72, 1.74, 7.35, 2.79, 2.11, 11.06, 7.81, 9.06, 2.66, 10.63, 10.29, 37.49, 3.1, 5.71, 5.1, 2.72, 3.4, 2.69, 4.24, 9.09, 6, 8.95, 0, 5.58, 8.09, 2.97, 3.14, 8.86, 6.79, 7.13, 5.44, 3.23, 2.47, 4.93, 7.97, 3.1, 7.27, 5.81, 4.43, 7.28, 4.27, 6.91, 2.07, 3.94, 3.82, 5.03, 11.15, 8.26, 3.76, 2.6, 2.45, 9.49, 9.03, 6.19, 10.9, 10.24, 3.67, 2.25, 5.64, 9.82, 5.37, 4.79, 36.15, 4.38, 4.16, 5.57, 7.34, 8.22, 7.51, 6.75, 5.09, 9.28, 3.39, 5.58, 0, 3.02, 4.28, 4.34, 3.42, 2.85, 4.88, 6.98, 4.44, 7.02, 7.81, 6.12, 2.66, 3.84, 4.59, 6.08, 2.63, 3.51, 3.17, 7.01, 7.92, 7.43, 4.29, 5.87, 4.18, 8.7, 3.85, 4.42, 7.72, 3.67, 5.23, 5.63, 4.75, 7.82, 4.54, 6.51, 4.38, 8.03, 9.12, 34.81, 5.93, 6.96, 8.54, 9.22, 10.08, 9.97, 9.76, 2.54, 10.26, 2.55, 8.09, 3.02, 0, 6.3, 6.29, 3.31, 1.81, 3.89, 7.54, 6.34, 9.22, 10.82, 4.92, 5.54, 2.41, 4.53, 6.98, 1.7, 6.51, 4.22, 9.58, 9.43, 8.87, 4.75, 5.49, 5.8, 10.58, 6.79, 7.36, 6.18, 3.7, 5.01, 5.31, 3.95, 9.42, 7.35, 6.86, 2.7, 11.04, 10.65, 36.51, 1.98, 5.97, 6.05, 3.06, 3.94, 3.78, 5.83, 7.03, 5.39, 7.6, 2.97, 4.28, 6.3, 0, 0.44, 7.7, 5, 4.99, 3.9, 0.6, 2.91, 6.7, 5.85, 2.64, 5.2, 3.68, 2.81, 5.69, 4.51, 6.14, 3.55, 3.72, 3.3, 2.9, 10.14, 7.81, 4.43, 3.08, 3.34, 7.4, 7.94, 4.09, 9.89, 9.02, 3.58, 2.6, 3.88, 8.16, 7.1, 4.89, 36.44, 1.67, 6.13, 6.22, 3.02, 3.9, 3.85, 6, 6.95, 5.25, 7.64, 3.14, 4.34, 6.29, 0.44, 0, 7.75, 4.99, 4.87, 3.72, 0.37, 2.94, 6.87, 5.71, 2.79, 5.12, 3.55, 2.64, 5.7, 4.67, 6.24, 3.66, 3.62, 3.19, 2.77, 10.2, 7.93, 4.39, 3.25, 3.52, 7.25, 8, 3.94, 9.96, 9.07, 3.5, 2.78, 3.7, 8.15, 7.27, 4.8, 35.95, 7.75, 5.37, 7.26, 10.75, 11.63, 10.79, 8.99, 5.79, 10.48, 1.74, 8.86, 3.42, 3.31, 7.7, 7.75, 0, 3.73, 7.02, 10.09, 7.86, 10.39, 10, 8.15, 5.78, 5.59, 7.31, 9.3, 2.64, 5.66, 3.26, 10.21, 11.31, 10.81, 7.26, 2.5, 2.97, 10.09, 6.73, 7.24, 9.48, 0.74, 7.89, 3.15, 1.93, 11.22, 7.6, 9.51, 2.8, 10.09, 10.44, 35.18, 4.66, 6.2, 7.61, 7.94, 8.81, 8.67, 8.67, 3.03, 9.15, 3.19, 6.79, 2.85, 1.81, 5, 4.99, 3.73, 0, 3.33, 6.5, 5.05, 7.92, 9.73, 4.52, 4.35, 2.78, 3.6, 5.85, 2.11, 5.54, 3.85, 8.28, 8.2, 7.65, 3.66, 6.16, 5.65, 9.3, 5.62, 6.19, 6, 4.1, 4.16, 5.95, 4.71, 8.18, 6.11, 5.87, 3.18, 9.99, 9.43, 34.25, 4.09, 8.84, 9.83, 7.05, 7.78, 8.64, 10.33, 2.68, 6.98, 6.37, 7.13, 4.88, 3.89, 4.99, 4.87, 7.02, 3.33, 0, 4.16, 4.83, 7.53, 11.32, 1.73, 6.01, 2.04, 1.96, 4.03, 4.4, 7.79, 7.04, 8.52, 6.76, 6.18, 2.98, 9.35, 8.9, 8.26, 7.17, 7.66, 2.87, 7.39, 2.01, 9.16, 7.83, 6.87, 7.21, 3.4, 5.64, 11.66, 7.88, 35.1, 3.03, 9.74, 9.94, 3.86, 4.31, 6.11, 9.59, 6.84, 2.82, 9.68, 5.44, 6.98, 7.54, 3.9, 3.72, 10.09, 6.5, 4.16, 0, 3.58, 4.82, 10.37, 4.11, 6.37, 5.36, 3.04, 2.09, 7.55, 8.33, 9.21, 6.33, 3.02, 2.52, 2.84, 10.48, 11.06, 4.69, 6.98, 7.23, 5.04, 10.42, 2.72, 10.3, 11.19, 3.24, 6.44, 1.48, 9.46, 10.8, 3.93, 36.4, 1.5, 6.27, 6.36, 2.93, 3.81, 3.86, 6.12, 6.95, 5.11, 7.73, 3.23, 4.44, 6.34, 0.6, 0.37, 7.86, 5.05, 4.83, 3.58, 0, 2.91, 6.98, 5.64, 2.93, 5.12, 3.49, 2.5, 5.78, 4.82, 6.37, 3.69, 3.5, 3.06, 2.71, 10.31, 8.06, 4.31, 3.4, 3.65, 7.18, 8.11, 3.87, 10.07, 9.17, 3.38, 2.9, 3.58, 8.22, 7.38, 4.69, 37.37, 3.5, 7.48, 6.78, 2.27, 2.31, 1.79, 5.65, 9.82, 4.61, 10.39, 2.47, 7.02, 9.22, 2.91, 2.94, 10.39, 7.92, 7.53, 4.82, 2.91, 0, 6.14, 8.13, 4.75, 7.99, 6.12, 4.02, 8.56, 6.05, 8.56, 2.3, 2.5, 2.6, 5.39, 10.62, 10, 2.76, 4.37, 4.21, 9.49, 10.6, 6.33, 10.42, 11.75, 3.05, 3.39, 5.25, 11.06, 6.59, 3.12, 39.59, 7.73, 4.76, 2.85, 7.31, 7.68, 5.14, 2.04, 10.52, 10.74, 10.51, 4.93, 7.81, 10.82, 6.7, 6.87, 10, 9.73, 11.32, 10.37, 6.98, 6.14, 0, 10.3, 5.46, 10.98, 10.2, 9.33, 9.68, 4.41, 7.65, 4.52, 8.63, 8.64, 9.46, 11.56, 7.92, 7.83, 4.2, 3.67, 11.66, 9.98, 10.71, 11.34, 11.29, 8.33, 4.15, 10.51, 10.03, 0.88, 9.17, 33.77, 4.87, 10.06, 10.99, 7.5, 8.15, 9.32, 11.39, 3.17, 6.84, 7.46, 7.97, 6.12, 4.92, 5.85, 5.71, 8.15, 4.52, 1.73, 4.11, 5.64, 8.13, 10.3, 0, 7.15, 2.57, 3.02, 4.3, 5.57, 8.97, 8.28, 9.28, 7, 6.44, 2.95, 10.42, 10.13, 8.59, 8.26, 8.73, 2.31, 8.53, 2.5, 10.24, 8.88, 7.15, 8.22, 3.36, 6.53, 10.6, 8.02, 37.05, 3.35, 3.37, 3.85, 5.36, 6.2, 5.01, 4.41, 7.17, 8.03, 5.95, 3.1, 2.66, 5.54, 2.64, 2.79, 5.78, 4.35, 6.01, 6.37, 2.93, 4.75, 5.46, 7.15, 0, 5.53, 5.1, 5.3, 4.52, 2.75, 3.81, 4.43, 6.26, 5.9, 4.46, 8.04, 5.29, 6.64, 1.76, 2.55, 8.82, 5.94, 5.7, 7.8, 7.17, 6.08, 2.6, 6.18, 7.05, 5.75, 7.37, 34.45, 4.5, 7.96, 9.17, 7.72, 8.52, 8.98, 9.94, 2.54, 8.16, 4.91, 7.27, 3.84, 2.41, 5.2, 5.12, 5.59, 2.78, 2.04, 5.36, 5.12, 7.99, 10.98, 2.57, 5.53, 0, 3.25, 5, 3.01, 7.09, 5.84, 8.74, 7.65, 7.07, 2.81, 7.89, 7.65, 9.02, 6.77, 7.32, 4, 5.97, 2.7, 7.7, 6.36, 7.71, 7.02, 4.63, 4.2, 11.28, 8.83, 34.8, 2.73, 8.2, 8.96, 5.64, 6.38, 7.25, 9.24, 3.96, 5.82, 6.8, 5.81, 4.59, 4.53, 3.68, 3.55, 7.31, 3.6, 1.96, 3.04, 3.49, 6.12, 10.2, 3.02, 5.1, 3.25, 0, 2.7, 4.69, 7, 6.87, 7.16, 5.4, 4.82, 1.5, 9.76, 8.76, 6.86, 6.15, 6.59, 3.78, 7.66, 1.25, 9.55, 8.31, 5.49, 6.05, 3.24, 6.43, 10.57, 6.55, 35.49, 2.72, 8.68, 8.86, 3.23, 3.84, 5.29, 8.54, 6.65, 3.3, 8.96, 4.43, 6.08, 6.98, 2.81, 2.64, 9.3, 5.85, 4.03, 2.09, 2.5, 4.02, 9.33, 4.3, 5.3, 5, 2.7, 0, 6.84, 7.25, 8.28, 5.43, 2.74, 3, 3.12, 11.81, 10.1, 4.29, 5.89, 6.14, 5.51, 9.62, 2.62, 11.58, 10.47, 2.86, 5.37, 1.72, 8.93, 9.75, 3.86, 35.39, 5.5, 5.74, 7.33, 8.7, 9.58, 9.2, 8.62, 3.65, 10.14, 2.96, 7.28, 2.63, 1.7, 5.69, 5.7, 2.64, 2.11, 4.4, 7.55, 5.78, 8.56, 9.68, 5.57, 4.52, 3.01, 4.69, 6.84, 0, 5.33, 3.05, 8.75, 9.08, 8.54, 4.7, 5.07, 4.73, 10.08, 5.73, 6.31, 6.98, 3.01, 5.26, 4.86, 3.65, 9.03, 6.38, 6.94, 2.55, 9.89, 10.3, 37.78, 5.3, 2.06, 2.9, 6.88, 7.64, 5.92, 3.37, 8.54, 9.83, 6.12, 4.27, 3.51, 6.51, 4.51, 4.67, 5.66, 5.54, 7.79, 8.33, 4.82, 6.05, 4.41, 8.97, 2.75, 7.09, 7, 7.25, 5.33, 0, 3.34, 5.22, 7.94, 7.65, 6.39, 7.51, 4.17, 8.03, 2.33, 2.68, 10.64, 5.7, 7.61, 7.28, 7.01, 7.73, 2.66, 8.16, 7.62, 4.58, 8.95, 36.77, 6.47, 3.08, 4.94, 9.1, 9.96, 8.78, 6.65, 6.7, 11.39, 2.93, 6.91, 3.17, 4.22, 6.14, 6.24, 3.26, 3.85, 7.04, 9.21, 6.37, 8.56, 7.65, 8.28, 3.81, 5.84, 6.87, 8.28, 3.05, 3.34, 0, 8.16, 9.86, 9.42, 6.57, 4.27, 2.63, 10.41, 4.56, 5.03, 9.82, 3.27, 7.51, 4.03, 3.67, 9.72, 5.5, 8.77, 4.69, 7.75, 11.03, 38.04, 4.43, 6.54, 5.51, 2.83, 3.17, 1.41, 4.12, 10.56, 6.25, 10.36, 2.07, 7.01, 9.58, 3.55, 3.66, 10.21, 8.28, 8.52, 6.33, 3.69, 2.3, 4.52, 9.28, 4.43, 8.74, 7.16, 5.43, 8.75, 5.22, 8.16, 0, 4.16, 4.24, 6.39, 10.36, 9.36, 3.35, 3.64, 3.29, 10.74, 10.37, 7.48, 10.15, 11.6, 3.85, 2.66, 6.67, 11.29, 4.97, 4.66, 36.42, 3.59, 9.42, 9.02, 1.84, 1.87, 3.68, 8.09, 9.36, 2.92, 11.12, 3.94, 7.92, 9.43, 3.72, 3.62, 11.31, 8.2, 6.76, 3.02, 3.5, 2.5, 8.63, 7, 6.26, 7.65, 5.4, 2.74, 9.08, 7.94, 9.86, 4.16, 0, 1.12, 4.85, 11.49, 11.52, 2.33, 6.31, 6.31, 8.05, 11.58, 5.35, 11.29, 10.49, 0.6, 5.45, 3.69, 11.37, 9.09, 1.7, 36.25, 3.07, 9.13, 8.84, 2.03, 2.47, 3.85, 8.04, 8.77, 3.06, 10.6, 3.82, 7.43, 8.87, 3.3, 3.19, 10.81, 7.65, 6.18, 2.52, 3.06, 2.6, 8.64, 6.44, 5.9, 7.07, 4.82, 3, 8.54, 7.65, 9.42, 4.24, 1.12, 0, 4.27, 11.08, 11.12, 3.03, 6.05, 6.1, 7.53, 11.09, 4.78, 10.88, 10.06, 1.39, 5.24, 3.15, 10.81, 9.09, 2.48, 35.16, 2.71, 7.65, 8.3, 4.97, 5.75, 6.49, 8.51, 4.55, 5.51, 6.84, 5.03, 4.29, 4.75, 2.9, 2.77, 7.26, 3.66, 2.98, 2.84, 2.71, 5.39, 9.46, 2.95, 4.46, 2.81, 1.5, 3.12, 4.7, 6.39, 6.57, 6.39, 4.85, 4.27, 0, 9.75, 8.46, 6.23, 5.45, 5.87, 4.54, 7.6, 1.75, 9.53, 8.35, 4.91, 5.3, 3.13, 6.69, 9.83, 6.03, 36.14, 10.24, 6.8, 8.72, 10.98, 11.71, 10.87, 10.64, 7.73, 12.56, 2.99, 11.15, 5.87, 5.49, 10.14, 10.2, 2.5, 6.16, 9.35, 10.48, 10.31, 10.62, 11.56, 10.42, 8.04, 7.89, 9.76, 11.81, 5.07, 7.51, 4.27, 10.36, 11.49, 11.08, 9.75, 0, 3.68, 12.1, 8.83, 9.29, 11.62, 3.07, 10.32, 0.48, 2.17, 11.41, 9.77, 12, 4.22, 11.57, 12.5, 37.35, 8.24, 3.19, 5.07, 10.66, 11.49, 10.03, 7.04, 8.33, 10.96, 3.84, 8.26, 4.18, 5.8, 7.81, 7.93, 2.97, 5.65, 8.9, 11.06, 8.06, 10, 7.92, 10.13, 5.29, 7.65, 8.76, 10.1, 4.73, 4.17, 2.63, 9.36, 11.52, 11.12, 8.46, 3.68, 0, 11.92, 5.72, 6.08, 11.64, 2.72, 9.4, 3.48, 3.83, 11.36, 6.72, 10.65, 5.75, 7.91, 10.54, 37.19, 4.66, 9.47, 8.74, 1.91, 0.96, 2.69, 7.47, 10.78, 3.32, 10.02, 3.76, 8.7, 10.58, 4.43, 4.39, 10.09, 9.3, 8.26, 4.69, 4.31, 2.76, 7.83, 8.59, 6.64, 9.02, 6.86, 4.29, 10.08, 8.03, 10.41, 3.35, 2.33, 3.03, 6.23, 12.1, 11.92, 0, 6.35, 6.2, 9.71, 10.28, 6.89, 11.9, 11.2, 2.02, 5.38, 5.33, 10.41, 8.28, 1.97, 37.62, 4.01, 3.13, 2.97, 5.22, 5.97, 4.31, 3.18, 8.43, 8.24, 7, 2.6, 3.85, 6.79, 3.08, 3.25, 6.73, 5.62, 7.17, 6.98, 3.4, 4.37, 4.2, 8.26, 1.76, 6.77, 6.15, 5.89, 5.73, 2.33, 4.56, 3.64, 6.31, 6.05, 5.45, 8.83, 5.72, 6.35, 0, 1.11, 9.91, 6.83, 6.7, 8.58, 8.11, 6.08, 1.93, 6.91, 8.22, 4.52, 7.29, 37.86, 4.32, 3.29, 2.76, 5.15, 5.85, 3.99, 2.67, 8.99, 8.31, 7.54, 2.45, 4.42, 7.36, 3.34, 3.52, 7.24, 6.19, 7.66, 7.23, 3.65, 4.21, 3.67, 8.73, 2.55, 7.32, 6.59, 6.14, 6.31, 2.68, 5.03, 3.29, 6.31, 6.1, 5.87, 9.29, 6.08, 6.2, 1.11, 0, 10.37, 7.33, 7.13, 9.05, 8.63, 6.06, 1.66, 7.21, 8.79, 4.01, 7.22, 33.02, 6.39, 11.71, 10.55, 8.74, 9.3, 10.72, 10.86, 3.96, 7.49, 8.72, 9.49, 7.72, 6.18, 7.4, 7.25, 9.48, 6, 2.87, 5.04, 7.18, 9.49, 11.66, 2.31, 8.82, 4, 3.78, 5.51, 6.98, 10.64, 9.82, 10.74, 8.05, 7.53, 4.54, 11.62, 11.64, 9.71, 9.91, 10.37, 0, 9.86, 3.31, 11.45, 10.05, 8.25, 9.84, 4.38, 7.53, 11.96, 8.94, 36.08, 8.03, 5.3, 7.21, 10.99, 11.86, 10.95, 8.99, 6.17, 10.73, 1.74, 9.03, 3.67, 3.7, 7.94, 8, 0.74, 4.1, 7.39, 10.42, 8.11, 10.6, 9.98, 8.53, 5.94, 5.97, 7.66, 9.62, 3.01, 5.7, 3.27, 10.37, 11.58, 11.09, 7.6, 3.07, 2.72, 10.28, 6.83, 7.33, 9.86, 0, 8.25, 2.73, 1.83, 11.49, 7.74, 9.85, 3.12, 10.05, 10.66, 34.58, 3.09, 8.83, 9.55, 5.74, 6.43, 7.51, 9.77, 4.13, 5.54, 7.35, 6.19, 5.23, 5.01, 4.09, 3.94, 7.89, 4.16, 2.01, 2.72, 3.87, 6.33, 10.71, 2.5, 5.7, 2.7, 1.25, 2.62, 5.26, 7.61, 7.51, 7.48, 5.35, 4.78, 1.75, 10.32, 9.4, 6.89, 6.7, 7.13, 3.31, 8.25, 0, 10.11, 8.85, 5.47, 6.55, 2.73, 6.87, 11.08, 6.45, 36.16, 10, 6.58, 8.5, 10.78, 11.5, 10.66, 10.41, 7.59, 12.37, 2.79, 10.9, 5.63, 5.31, 9.89, 9.96, 3.15, 5.95, 9.16, 10.3, 10.07, 10.42, 11.34, 10.24, 7.8, 7.7, 9.55, 11.58, 4.86, 7.28, 4.03, 10.15, 11.29, 10.88, 9.53, 0.48, 3.48, 11.9, 8.58, 9.05, 11.45, 2.73, 10.11, 0, 1.97, 11.21, 9.53, 11.77, 4.11, 11.35, 12.29, 35.67, 9.01, 6.6, 8.52, 10.06, 10.8, 10.14, 10.31, 6.17, 11.47, 2.11, 10.24, 4.75, 3.95, 9.02, 9.07, 1.93, 4.71, 7.83, 11.19, 9.17, 11.75, 11.29, 8.88, 7.17, 6.36, 8.31, 10.47, 3.65, 7.01, 3.67, 11.6, 10.49, 10.06, 8.35, 2.17, 3.83, 11.2, 8.11, 8.63, 10.05, 1.83, 8.85, 1.97, 0, 10.43, 9, 10.58, 2.7, 11.37, 11.51, 36.55, 3.54, 9.2, 8.76, 1.96, 2.07, 3.37, 7.8, 9.44, 2.41, 11.06, 3.67, 7.82, 9.42, 3.58, 3.5, 11.22, 8.18, 6.87, 3.24, 3.38, 3.05, 8.33, 7.15, 6.08, 7.71, 5.49, 2.86, 9.03, 7.73, 9.72, 3.85, 0.6, 1.39, 4.91, 11.41, 11.36, 2.02, 6.08, 6.06, 8.25, 11.49, 5.47, 11.21, 10.43, 0, 5.2, 3.87, 11.36, 8.78, 1.82, 37.64, 3.62, 4.09, 3.61, 4.3, 5.01, 3.31, 3.24, 8.76, 7.45, 7.81, 2.25, 4.54, 7.35, 2.6, 2.78, 7.6, 6.11, 7.21, 6.44, 2.9, 3.39, 4.15, 8.22, 2.6, 7.02, 6.05, 5.37, 6.38, 2.66, 5.5, 2.66, 5.45, 5.24, 5.3, 9.77, 6.72, 5.38, 1.93, 1.66, 9.84, 7.74, 6.55, 9.53, 9, 5.2, 0, 6.48, 8.91, 4.53, 6.37, 34.9, 2.9, 9.53, 9.88, 4.39, 4.92, 6.52, 9.68, 6.08, 3.58, 9.06, 5.64, 6.51, 6.86, 3.88, 3.7, 9.51, 5.87, 3.4, 1.48, 3.58, 5.25, 10.51, 3.36, 6.18, 4.63, 3.24, 1.72, 6.94, 8.16, 8.77, 6.67, 3.69, 3.15, 3.13, 12, 10.65, 5.33, 6.91, 7.21, 4.38, 9.85, 2.73, 11.77, 10.58, 3.87, 6.48, 0, 8.76, 10.93, 4.66, 34.63, 7.84, 7.73, 9.5, 11.12, 11.99, 11.74, 10.98, 3.58, 10.17, 2.66, 9.82, 4.38, 2.7, 8.16, 8.15, 2.8, 3.18, 5.64, 9.46, 8.22, 11.06, 10.03, 6.53, 7.05, 4.2, 6.43, 8.93, 2.55, 7.62, 4.69, 11.29, 11.37, 10.81, 6.69, 4.22, 5.75, 10.41, 8.22, 8.79, 7.53, 3.12, 6.87, 4.11, 2.7, 11.36, 8.91, 8.76, 0, 10.17, 10.49, 39.74, 8.13, 4.78, 2.86, 7.77, 8.14, 5.59, 1.86, 10.75, 11.19, 10.63, 5.37, 8.03, 11.04, 7.1, 7.27, 10.09, 9.99, 11.66, 10.8, 7.38, 6.59, 0.88, 10.6, 5.75, 11.28, 10.57, 9.75, 9.89, 4.58, 7.75, 4.97, 9.09, 9.09, 9.83, 11.57, 7.91, 8.28, 4.52, 4.01, 11.96, 10.05, 11.08, 11.35, 11.37, 8.78, 4.53, 10.93, 10.17, 0, 9.63, 36.61, 4.81, 10.42, 9.87, 2.88, 2.07, 4.05, 8.75, 10.51, 2.74, 10.29, 4.79, 9.12, 10.65, 4.89, 4.8, 10.44, 9.43, 7.88, 3.93, 4.69, 3.12, 9.17, 8.02, 7.37, 8.83, 6.55, 3.86, 10.3, 8.95, 11.03, 4.66, 1.7, 2.48, 6.03, 12.5, 10.54, 1.97, 7.29, 7.22, 8.94, 10.66, 6.45, 12.29, 11.51, 1.82, 6.37, 4.66, 10.49, 9.63, 0, 0, 38.2, 40.38, 41.09, 39.13, 39.28, 40.26, 41.46, 35.78, 37.83, 37.67, 39.74, 38.32, 36.9, 38.7, 38.63, 38.1, 37.29, 36.3, 37.21, 38.59, 39.62, 41.96, 35.8, 39.27, 36.51, 36.88, 37.62, 37.51, 40.04, 38.98, 40.32, 38.61, 38.42, 37.27, 38.31, 39.59, 39.42, 39.87, 40.13, 35, 38.24, 36.66, 38.33, 37.81, 38.75, 39.9, 37, 36.71, 42.13, 38.81, 38.2, 0, 7.3, 7.58, 3.59, 4.52, 4.95, 7.45, 6.86, 5.36, 8.19, 3.37, 4.77, 6.44, 2.15, 1.81, 8.42, 5.07, 4.45, 3.29, 1.63, 3.81, 8.4, 5.29, 3.64, 4.89, 2.96, 2.88, 5.97, 5.77, 7.03, 4.82, 3.9, 3.34, 2.87, 11.13, 8.96, 5.06, 4.35, 4.69, 6.95, 8.73, 3.36, 10.87, 9.79, 3.85, 3.93, 3.16, 8.53, 8.84, 5.23, 40.38, 7.3, 0, 2.83, 9.08, 9.89, 7.88, 4.18, 10.03, 12.29, 6.53, 6.2, 4.52, 7.57, 6.49, 6.66, 5.84, 6.74, 9.61, 10.59, 6.82, 8.13, 5.17, 10.93, 3.67, 8.66, 8.91, 9.43, 6.24, 2.18, 3.34, 7.1, 10.24, 9.92, 8.32, 7.4, 3.47, 10.29, 3.41, 3.57, 12.73, 5.76, 9.6, 7.16, 7.17, 10, 4.44, 10.36, 8.4, 5.2, 11.33, 41.09, 7.58, 2.83, 0, 8.49, 9.17, 6.78, 2.99, 11.55, 12.01, 8.54, 5.54, 6.05, 9.28, 6.57, 6.76, 7.9, 8.27, 10.68, 10.81, 6.91, 7.37, 3.1, 11.95, 4.19, 9.97, 9.74, 9.63, 7.97, 3.07, 5.37, 5.99, 9.81, 9.61, 9.03, 9.47, 5.51, 9.5, 3.22, 3, 11.72, 7.84, 10.38, 9.24, 9.26, 9.53, 3.92, 10.73, 10.33, 3.11, 10.73, 39.13, 3.59, 9.08, 8.49, 0, 1.84, 3.52, 7.38, 10.33, 3.72, 11.58, 2.96, 7.97, 10.02, 3.32, 3.28, 11.68, 8.63, 7.67, 4.2, 3.19, 2.46, 7.95, 8.15, 5.83, 8.39, 6.13, 3.51, 9.46, 7.48, 9.89, 3.08, 1.94, 2.15, 5.4, 12.2, 11.59, 2.02, 5.67, 5.6, 9.5, 11.94, 6.24, 11.97, 11.18, 2.12, 4.67, 4.77, 12.09, 8.44, 3.05, 39.28, 4.52, 9.89, 9.17, 1.84, 0, 2.79, 7.9, 11.19, 3.5, 12.54, 3.7, 8.93, 10.96, 4.28, 4.24, 12.64, 9.57, 8.46, 4.68, 4.14, 2.45, 8.35, 8.86, 6.74, 9.26, 6.94, 4.18, 10.41, 8.31, 10.82, 3.44, 1.98, 2.62, 6.25, 13.01, 12.49, 1.05, 6.49, 6.36, 10.11, 12.89, 6.99, 12.78, 12, 2.25, 5.45, 5.35, 13.03, 8.85, 2.19, 40.26, 4.95, 7.88, 6.78, 3.52, 2.79, 0, 5.23, 11.74, 6.24, 11.84, 2.85, 8.17, 10.84, 4.11, 4.19, 11.72, 9.43, 9.39, 6.64, 4.2, 1.9, 5.59, 10.13, 5.45, 9.76, 7.88, 5.75, 10, 6.43, 9.55, 1.53, 4, 4.19, 7.06, 12.08, 10.9, 2.92, 4.69, 4.34, 11.65, 11.9, 8.17, 11.85, 11.27, 3.66, 3.6, 7.09, 12.76, 6.08, 4.4, 41.46, 7.45, 4.18, 2.99, 7.38, 7.9, 5.23, 0, 12.58, 11.08, 10.31, 4.61, 7.33, 10.61, 6.33, 6.52, 9.77, 9.43, 11.23, 10.43, 6.65, 6.14, 2.22, 12.38, 4.79, 10.81, 10.05, 9.28, 9.37, 3.67, 7.23, 4.48, 8.8, 8.73, 9.25, 11.56, 7.65, 8.12, 3.45, 2.9, 12.06, 9.77, 10.62, 11.32, 11.2, 8.48, 3.52, 10.53, 11.93, 1.97, 9.51, 35.78, 6.86, 10.03, 11.55, 10.33, 11.19, 11.74, 12.58, 0, 10.5, 5.38, 9.88, 5.53, 2.76, 7.64, 7.55, 6.29, 3.29, 2.92, 7.44, 7.55, 10.67, 11.69, 3.45, 7.79, 2.69, 4.3, 7.23, 3.97, 9.28, 7.28, 11.48, 10.17, 9.54, 4.94, 8.41, 9.06, 11.72, 9.16, 9.77, 4.31, 6.7, 4.49, 8.25, 6.71, 10.26, 9.52, 6.61, 3.89, 11.94, 11.42, 37.83, 5.36, 12.29, 12.01, 3.72, 3.5, 6.24, 11.08, 10.5, 0, 11.35, 6.53, 10.09, 11.15, 5.86, 5.71, 11.64, 9.94, 7.59, 3.06, 5.56, 5.01, 11.67, 7.43, 8.72, 8.87, 6.33, 3.58, 11.02, 10.68, 12.38, 6.79, 3.1, 3.24, 5.99, 13.96, 12.18, 3.61, 8.96, 9.03, 8.14, 11.92, 6.02, 13.74, 12.74, 2.62, 8.09, 3.89, 11.3, 12.16, 2.9, 37.67, 8.19, 6.53, 8.54, 11.58, 12.54, 11.84, 10.31, 5.38, 11.35, 0, 9.73, 3.68, 2.77, 8.26, 8.3, 1.88, 3.47, 6.92, 10.52, 8.4, 11.3, 11.42, 8.11, 6.47, 5.34, 7.39, 9.74, 3.13, 6.65, 3.18, 11.26, 12.09, 11.52, 7.43, 3.25, 4.17, 11.14, 7.61, 8.2, 9.47, 1.84, 7.99, 3.03, 2.23, 12.02, 8.49, 9.85, 2.82, 11.56, 11.43, 39.74, 3.37, 6.2, 5.54, 2.96, 3.7, 2.85, 4.61, 9.88, 6.53, 9.73, 0, 6.06, 8.79, 3.14, 3.33, 9.63, 7.38, 7.75, 5.92, 3.42, 2.62, 5.36, 8.66, 3.37, 7.91, 6.32, 4.82, 7.91, 4.64, 7.51, 2.2, 4.28, 4.15, 5.47, 12.11, 8.98, 4.09, 2.82, 2.66, 10.31, 9.82, 6.73, 11.85, 11.13, 3.99, 2.38, 6.14, 10.67, 5.84, 5.2, 38.32, 4.77, 4.52, 6.05, 7.97, 8.93, 8.17, 7.33, 5.53, 10.09, 3.68, 6.06, 0, 3.28, 4.65, 4.72, 3.71, 3.02, 5.3, 7.58, 4.83, 7.63, 8.49, 6.65, 2.9, 4.17, 4.99, 6.61, 2.78, 3.81, 3.36, 7.61, 8.61, 8.08, 4.66, 6.38, 4.54, 9.45, 4.18, 4.81, 8.39, 3.99, 5.69, 6.12, 5.16, 8.5, 4.93, 7.07, 4.77, 8.73, 9.92, 36.9, 6.44, 7.57, 9.28, 10.02, 10.96, 10.84, 10.61, 2.76, 11.15, 2.77, 8.79, 3.28, 0, 6.85, 6.83, 3.6, 1.92, 4.22, 8.19, 6.89, 10.02, 11.76, 5.35, 6.02, 2.62, 4.93, 7.59, 1.8, 7.07, 4.59, 10.41, 10.25, 9.64, 5.16, 5.97, 6.3, 11.5, 7.38, 8, 6.71, 4.02, 5.44, 5.78, 4.3, 10.24, 7.99, 7.46, 2.86, 12.01, 11.57, 38.7, 2.15, 6.49, 6.57, 3.32, 4.28, 4.11, 6.33, 7.64, 5.86, 8.26, 3.14, 4.65, 6.85, 0, 0.44, 8.37, 5.44, 5.43, 4.24, 0.65, 3.16, 7.28, 6.35, 2.87, 5.65, 4, 3.05, 6.18, 4.91, 6.68, 3.86, 4.04, 3.59, 3.16, 11.02, 8.49, 4.81, 3.35, 3.63, 8.05, 8.63, 4.45, 10.75, 9.8, 3.89, 2.83, 4.22, 8.86, 7.72, 5.31, 38.63, 1.81, 6.66, 6.76, 3.28, 4.24, 4.19, 6.52, 7.55, 5.71, 8.3, 3.33, 4.72, 6.83, 0.44, 0, 8.43, 5.42, 5.3, 4.05, 0.37, 3.2, 7.46, 6.2, 3.03, 5.57, 3.86, 2.87, 6.2, 5.08, 6.78, 3.97, 3.94, 3.47, 3.01, 11.09, 8.62, 4.77, 3.54, 3.82, 7.88, 8.7, 4.29, 10.83, 9.86, 3.8, 3.02, 4.03, 8.86, 7.9, 5.22, 38.1, 8.42, 5.84, 7.9, 11.68, 12.64, 11.72, 9.77, 6.29, 11.64, 1.88, 9.63, 3.71, 3.6, 8.37, 8.43, 0, 4.06, 7.63, 10.97, 8.54, 11.3, 10.87, 8.86, 6.29, 6.08, 7.95, 10.11, 2.87, 6.16, 3.45, 11.1, 12.3, 11.75, 7.89, 2.72, 3.23, 11.21, 7.31, 7.87, 10.3, 0.8, 8.58, 3.34, 2.05, 12.2, 8.26, 10.34, 3.05, 10.97, 11.6, 37.29, 5.07, 6.74, 8.27, 8.63, 9.57, 9.43, 9.43, 3.29, 9.94, 3.47, 7.38, 3.02, 1.92, 5.44, 5.42, 4.06, 0, 3.62, 7.07, 5.49, 8.6, 10.58, 4.91, 4.73, 2.94, 3.92, 6.36, 2.29, 6.02, 4.19, 9, 8.91, 8.31, 3.98, 6.69, 6.14, 10.11, 6.1, 6.73, 6.52, 4.46, 4.53, 6.47, 5.12, 8.89, 6.64, 6.38, 3.46, 10.85, 10.25, 36.3, 4.45, 9.61, 10.68, 7.67, 8.46, 9.39, 11.23, 2.92, 7.59, 6.92, 7.75, 5.3, 4.22, 5.43, 5.3, 7.63, 3.62, 0, 4.53, 5.25, 8.18, 12.3, 1.83, 6.54, 2.16, 2.08, 4.38, 4.78, 8.46, 7.65, 9.26, 7.35, 6.72, 3.16, 10.16, 9.68, 8.98, 7.79, 8.32, 3.12, 8.04, 2.13, 9.95, 8.51, 7.46, 7.84, 3.7, 6.13, 12.68, 8.57, 37.21, 3.29, 10.59, 10.81, 4.2, 4.68, 6.64, 10.43, 7.44, 3.06, 10.52, 5.92, 7.58, 8.19, 4.24, 4.05, 10.97, 7.07, 4.53, 0, 3.89, 5.24, 11.27, 4.47, 6.92, 5.83, 3.3, 2.27, 8.2, 9.05, 10.01, 6.88, 3.28, 2.74, 3.09, 11.65, 12.02, 5.1, 7.59, 7.85, 5.48, 11.32, 2.96, 11.44, 12.17, 3.52, 7, 1.6, 10.28, 11.73, 4.27, 38.59, 1.63, 6.82, 6.91, 3.19, 4.14, 4.2, 6.65, 7.55, 5.56, 8.4, 3.42, 4.83, 6.89, 0.65, 0.37, 8.54, 5.49, 5.25, 3.89, 0, 3.16, 7.58, 6.13, 3.19, 5.57, 3.79, 2.72, 6.28, 5.24, 6.92, 4.01, 3.8, 3.32, 2.95, 11.21, 8.77, 4.68, 3.69, 3.97, 7.8, 8.82, 4.21, 10.95, 9.96, 3.68, 3.15, 3.89, 8.93, 8.02, 5.09, 39.62, 3.81, 8.13, 7.37, 2.46, 2.45, 1.9, 6.14, 10.67, 5.01, 11.3, 2.62, 7.63, 10.02, 3.16, 3.2, 11.3, 8.6, 8.18, 5.24, 3.16, 0, 6.67, 8.84, 5.17, 8.69, 6.65, 4.37, 9.31, 6.57, 9.31, 2.44, 2.72, 2.83, 5.85, 11.8, 10.87, 2.93, 4.75, 4.58, 10.31, 11.52, 6.88, 11.58, 12.77, 3.23, 3.69, 5.71, 12.02, 7.16, 3.39, 41.96, 8.4, 5.17, 3.1, 7.95, 8.35, 5.59, 2.22, 11.69, 11.67, 11.42, 5.36, 8.49, 11.76, 7.28, 7.46, 10.87, 10.58, 12.3, 11.27, 7.58, 6.67, 0, 11.45, 5.93, 11.93, 11.09, 10.14, 10.52, 4.8, 8.32, 4.91, 9.38, 9.39, 10.28, 12.56, 8.61, 8.51, 4.57, 3.99, 12.95, 10.84, 11.64, 12.32, 12.28, 9.05, 4.51, 11.42, 11.14, 0.95, 9.97, 35.8, 5.29, 10.93, 11.95, 8.15, 8.86, 10.13, 12.38, 3.45, 7.43, 8.11, 8.66, 6.65, 5.35, 6.35, 6.2, 8.86, 4.91, 1.83, 4.47, 6.13, 8.84, 11.45, 0, 7.78, 2.79, 3.2, 4.68, 6.05, 9.75, 9, 10.09, 7.6, 7, 3.2, 11.33, 11.01, 9.34, 8.98, 9.49, 2.45, 9.28, 2.65, 11.13, 9.65, 7.77, 8.93, 3.65, 7.1, 11.78, 8.71, 39.27, 3.64, 3.67, 4.19, 5.83, 6.74, 5.45, 4.79, 7.79, 8.72, 6.47, 3.37, 2.9, 6.02, 2.87, 3.03, 6.29, 4.73, 6.54, 6.92, 3.19, 5.17, 5.93, 7.78, 0, 6.02, 5.54, 5.76, 4.92, 2.91, 4.15, 4.82, 6.81, 6.42, 4.84, 8.74, 5.75, 7.21, 1.86, 2.7, 9.58, 6.46,