Instance
HEVTSP 2 50 3 TW 3

Customers
50

Service Time (same as Distance for all Modes: combustion, combustion+charging, electric, combustion+electric) (Depot, 1, ..., N, Depot)
0, 9, 8, 5, 3, 2, 7, 3, 1, 9, 2, 3, 4, 4, 3, 9, 8, 10, 3, 8, 7, 2, 2, 6, 6, 8, 6, 9, 9, 10, 5, 8, 5, 1, 10, 7, 9, 9, 1, 2, 6, 6, 9, 10, 3, 5, 1, 1, 1, 5, 4, 0

Initial Charging
0

Max Charging (in Watt/h)
16800

Charging Rate (in Watt/h)
12000

Discharging Rate (in Watt/h)
48000

Coordinates (Used for GUI, not necessarily related to Distances, Time, Costs)
0, 0, 24020, 24910, 20450, 23400, 24660, 20510, 21370, 20600, 20150, 23500, 24960, 22320, 21150, 22950, 20120, 20420, 22060, 24650, 21010, 20890, 21270, 24060, 22450, 23710, 20730, 21390, 24960, 23470, 20270, 21590, 20480, 20370, 22550, 20520, 24600, 24970, 23040, 23460, 23450, 22070, 20150, 23110, 21860, 22760, 20030, 20730, 22900, 22660, 24190, 23400, 21060, 22040, 23620, 21350, 21920, 20590, 21620, 23110, 22590, 20090, 21390, 21110, 24710, 20150, 21010, 21530, 22420, 23680, 22800, 20700, 20750, 24470, 20630, 20630, 21630, 22200, 20240, 24170, 21860, 24000, 21710, 20560, 20600, 24300, 24790, 24110, 24450, 24640, 23820, 23780, 24140, 21870, 21890, 21770, 20380, 20680, 22650, 20980, 24520, 23330

Distances (Depot-Depot, Depot-1, Depot-..., Depot-N, 1-Depot, 1-1, ..., M-N)
0, 34604, 31077, 32075, 29682, 30956, 33484, 31209, 28667, 33080, 29628, 32114, 32652, 29787, 34261, 29614, 28885, 30489, 35052, 32882, 32202, 30661, 31558, 28826, 32216, 33656, 30484, 31839, 30074, 31646, 30231, 30053, 31884, 30083, 32610, 30795, 32083, 29175, 30995, 31525, 32463, 29900, 31857, 34581, 34712, 33658, 32574, 30872, 29035, 30874, 33846, 34604, 0, 3876, 4446, 5060, 4119, 2755, 3475, 5947, 1977, 5022, 2878, 1976, 4818, 1720, 5008, 5757, 4630, 583, 1750, 2897, 4268, 3048, 5779, 2513, 1520, 4123, 3582, 4803, 3000, 5028, 4621, 4810, 4526, 2018, 4383, 3299, 5460, 3613, 3852, 2344, 4925, 3474, 1110, 508, 1148, 3042, 3794, 5581, 4162, 1657, 31077, 3876, 0, 5106, 2947, 316, 4638, 832, 2998, 2038, 2572, 1053, 2024, 2029, 4511, 1819, 3030, 3564, 4437, 2591, 3282, 417, 1548, 2703, 2559, 3740, 1491, 3775, 3171, 1205, 3942, 2475, 5358, 1952, 1990, 3579, 1111, 2776, 1683, 798, 1532, 3107, 912, 4398, 4188, 3391, 3995, 2175, 2721, 3271, 4071, 32075, 4446, 5106, 0, 3291, 5411, 1835, 4275, 4541, 4889, 3670, 4909, 3889, 4027, 2975, 4521, 4182, 2110, 4460, 3366, 1974, 5206, 3592, 4635, 2779, 2928, 3912, 1337, 2741, 4000, 2112, 3325, 363, 3790, 3882, 1870, 5565, 4032, 3469, 5739, 4474, 2950, 5554, 3602, 4135, 3376, 1456, 3043, 4283, 2064, 2823, 29682, 5060, 2947, 3291, 0, 3146, 3981, 2360, 1263, 4108, 462, 3461, 3292, 1017, 4596, 1480, 919, 1183, 5434, 3312, 2547, 2791, 2215, 1346, 2566, 3974, 1473, 2372, 550, 2522, 1322, 510, 3370, 997, 3254, 1433, 3919, 741, 1621, 3745, 3435, 342, 3779, 4901, 5080, 4014, 3047, 1280, 993, 1335, 4168, 30956, 4119, 316, 5411, 3146, 0, 4953, 1141, 3080, 2229, 2748, 1252, 2310, 2188, 4810, 1914, 3147, 3826, 4687, 2890, 3597, 390, 1863, 2773, 2875, 4041, 1720, 4082, 3406, 1521, 4193, 2693, 5658, 2150, 2277, 3855, 1141, 2910, 1970, 676, 1782, 3328, 918, 4680, 4449, 3681, 4310, 2454, 2829, 3550, 4373, 33484, 2755, 4638, 1835, 3981, 4953, 0, 3862, 5200, 3720, 4201, 4080, 2869, 4331, 1150, 4746, 4886, 3008, 2674, 2233, 1531, 4874, 3131, 5180, 2088, 1326, 3910, 1654, 3498, 3432, 3254, 3769, 2184, 4028, 2881, 2700, 4727, 4648, 3332, 5070, 3526, 3696, 4789, 1798, 2375, 1852, 935, 3119, 4865, 2671, 1102, 31209, 3475, 832, 4275, 2360, 1141, 3862, 0, 2732, 1928, 2065, 1116, 1506, 1616, 3845, 1620, 2666, 2804, 3998, 1958, 2463, 1013, 735, 2487, 1774, 3073, 914, 2943, 2482, 496, 3202, 1856, 4529, 1427, 1465, 2790, 1572, 2378, 890, 1522, 1268, 2455, 1458, 3820, 3708, 2796, 3179, 1393, 2397, 2476, 3391, 28667, 5947, 2998, 4541, 1263, 3080, 5200, 2732, 0, 4654, 1006, 3817, 4032, 1146, 5721, 1180, 363, 2432, 6385, 4215, 3716, 2690, 2916, 323, 3570, 5044, 1873, 3621, 1808, 3080, 2492, 1445, 4598, 1423, 3990, 2695, 4099, 552, 2334, 3752, 3980, 1596, 3910, 5952, 6046, 4998, 4274, 2226, 368, 2591, 5275, 33080, 1977, 2038, 4889, 4108, 2229, 3720, 1928, 4654, 0, 3904, 986, 1018, 3521, 3131, 3545, 4562, 4159, 2560, 1542, 2931, 2454, 1901, 4414, 2160, 2470, 2795, 3650, 4062, 1602, 4591, 3603, 5222, 3292, 1035, 4019, 1322, 4267, 2487, 1882, 680, 4105, 1501, 2783, 2390, 1963, 3472, 2885, 4311, 3717, 2792, 29628, 5022, 2572, 3670, 462, 2748, 4201, 2065, 1006, 3904, 0, 3181, 3166, 573, 4718, 1019, 742, 1584, 5435, 3275, 2710, 2381, 2054, 993, 2589, 4051, 1151, 2650, 958, 2302, 1771, 439, 3773, 640, 3126, 1800, 3589, 460, 1449, 3369, 3224, 774, 3435, 4966, 5089, 4031, 3280, 1245, 664, 1642, 4275, 32114, 2878, 1053, 4909, 3461, 1252, 4080, 1116, 3817, 986, 3181, 0, 1231, 2724, 3737, 2665, 3774, 3764, 3452, 1869, 2952, 1469, 1428, 3553, 2149, 2994, 2031, 3587, 3530, 1012, 4184, 2952, 5208, 2543, 1211, 3692, 662, 3489, 1895, 1036, 593, 3528, 712, 3520, 3232, 2565, 3610, 2372, 3495, 3375, 3331, 32652, 1976, 2024, 3889, 3292, 2310, 2869, 1506, 4032, 1018, 3166, 1231, 0, 2888, 2521, 3041, 3878, 3192, 2492, 641, 1921, 2377, 1118, 3839, 1142, 1767, 2173, 2634, 3165, 1024, 3623, 2808, 4217, 2613, 42, 3030, 1862, 3578, 1718, 2257, 657, 3236, 1942, 2374, 2206, 1372, 2498, 2019, 3670, 2737, 2105, 29787, 4818, 2029, 4027, 1017, 2188, 4331, 1616, 1146, 3521, 573, 2724, 2888, 0, 4714, 502, 1050, 2017, 5272, 3102, 2804, 1815, 1776, 962, 2514, 4001, 729, 2890, 1434, 1937, 2269, 717, 4169, 313, 2846, 2182, 3080, 767, 1211, 2823, 2844, 1284, 2913, 4887, 4940, 3906, 3444, 1221, 792, 1963, 4258, 34261, 1720, 4511, 2975, 4596, 4810, 1150, 3845, 5721, 3131, 4718, 3737, 2521, 4714, 0, 5053, 5448, 3809, 1543, 1920, 2059, 4823, 3180, 5640, 2214, 773, 4154, 2508, 4188, 3359, 4128, 4280, 3329, 4401, 2549, 3513, 4327, 5178, 3564, 4772, 3145, 4362, 4438, 662, 1276, 1181, 1798, 3509, 5363, 3396, 462, 29614, 5008, 1819, 4521, 1480, 1914, 4746, 1620, 1180, 3545, 1019, 2665, 3041, 502, 5053, 0, 1238, 2519, 5493, 3342, 3216, 1525, 1974, 893, 2839, 4318, 909, 3359, 1929, 2033, 2763, 1219, 4668, 742, 2998, 2682, 2920, 1025, 1491, 2580, 2887, 1770, 2730, 5175, 5174, 4171, 3880, 1630, 917, 2457, 4592, 28885, 5757, 3030, 4182, 919, 3147, 4886, 2666, 363, 4562, 742, 3774, 3878, 1050, 5448, 1238, 0, 2075, 6175, 4013, 3422, 2760, 2760, 576, 3332, 4790, 1768, 3289, 1457, 2968, 2128, 1173, 4236, 1275, 3837, 2343, 4109, 300, 2161, 3808, 3883, 1245, 3932, 5706, 5830, 4773, 3955, 1987, 326, 2254, 5008, 30489, 4630, 3564, 2110, 1183, 3826, 3008, 2804, 2432, 4159, 1584, 3764, 3192, 2017, 3809, 2519, 2075, 0, 4899, 2981, 1792, 3531, 2344, 2529, 2168, 3314, 2128, 1354, 634, 2752, 432, 1301, 2191, 1842, 3163, 308, 4341, 1923, 1915, 4320, 3548, 841, 4253, 4232, 4537, 3499, 2086, 1414, 2176, 471, 3432, 35052, 583, 4437, 4460, 5434, 4687, 2674, 3998, 6385, 2560, 5435, 3452, 2492, 5272, 1543, 5493, 6175, 4899, 0, 2171, 3120, 4823, 3520, 6234, 2868, 1623, 4595, 3750, 5135, 3513, 5278, 5020, 4821, 4972, 2533, 4634, 3882, 5882, 4061, 4433, 2907, 5273, 4056, 881, 362, 1423, 3134, 4193, 6018, 4441, 1642, 32882, 1750, 2591, 3366, 3312, 2890, 2233, 1958, 4215, 1542, 3275, 1869, 641, 3102, 1920, 3342, 4013, 2981, 2171, 0, 1449, 2911, 1372, 4064, 812, 1152, 2437, 2188, 3081, 1462, 3400, 2871, 3707, 2801, 658, 2770, 2503, 3717, 1891, 2889, 1298, 3190, 2581, 1867, 1839, 843, 1933, 2044, 3848, 2510, 1486, 32202, 2897, 3282, 1974, 2547, 3597, 1531, 2463, 3716, 2931, 2710, 2952, 1921, 2804, 2059, 3216, 3422, 1792, 3120, 1449, 0, 3460, 1733, 3673, 807, 1522, 2390, 740, 2129, 2105, 2159, 2273, 2297, 2499, 1911, 1516, 3612, 3166, 1825, 3836, 2501, 2304, 3619, 2441, 2758, 1750, 718, 1589, 3370, 1352, 1653, 30661, 4268, 417, 5206, 2791, 390, 4874, 1013, 2690, 2454, 2381, 1469, 2377, 1815, 4823, 1525, 2760, 3531, 4823, 2911, 3460, 0, 1745, 2383, 2787, 4050, 1405, 3891, 3079, 1470, 3883, 2353, 5436, 1799, 2340, 3582, 1486, 2526, 1737, 1064, 1928, 2989, 1272, 4747, 4564, 3731, 4178, 2196, 2441, 3284, 4376, 31558, 3048, 1548, 3592, 2215, 1863, 3131, 735, 2916, 1901, 2054, 1428, 1118, 1776, 3180, 1974, 2760, 2344, 3520, 1372, 1733, 1745, 0, 2733, 1045, 2416, 1076, 2255, 2171, 424, 2768, 1716, 3865, 1495, 1077, 2264, 2039, 2460, 605, 2148, 1240, 2205, 1990, 3226, 3200, 2210, 2448, 990, 2553, 1947, 2720, 28826, 5779, 2703, 4635, 1346, 2773, 5180, 2487, 323, 4414, 993, 3553, 3839, 962, 5640, 893, 576, 2529, 6234, 4064, 3673, 2383, 2733, 0, 3459, 4943, 1666, 3643, 1895, 2862, 2639, 1412, 4716, 1265, 3797, 2770, 3809, 608, 2173, 3446, 3747, 1689, 3615, 5838, 5901, 4865, 4265, 2131, 354, 2632, 5188, 32216, 2513, 2559, 2779, 2566, 2875, 2088, 1774, 3570, 2160, 2589, 2149, 1142, 2514, 2214, 2839, 3332, 2168, 2868, 812, 807, 2787, 1045, 3459, 0, 1487, 1942, 1495, 2290, 1357, 2589, 2164, 3095, 2202, 1127, 1963, 2810, 3045, 1351, 3059, 1696, 2414, 2825, 2382, 2515, 1449, 1470, 1346, 3205, 1698, 1753, 33656, 1520, 3740, 2928, 3974, 4041, 1326, 3073, 5044, 2470, 4051, 2994, 1767, 4001, 773, 4318, 4790, 3314, 1623, 1152, 1522, 4050, 2416, 4943, 1487, 0, 3413, 2128, 3612, 2586, 3676, 3617, 3291, 3689, 1792, 3037, 3603, 4511, 2827, 4024, 2406, 3770, 3701, 930, 1267, 530, 1531, 2819, 4681, 2868, 337, 30484, 4123, 1491, 3912, 1473, 1720, 3910, 914, 1873, 2795, 1151, 2031, 2173, 729, 4154, 909, 1768, 2128, 4595, 2437, 2390, 1405, 1076, 1666, 1942, 3413, 0, 2651, 1686, 1208, 2479, 987, 4110, 512, 2131, 2196, 2450, 1474, 592, 2282, 2117, 1616, 2306, 4266, 4272, 3263, 3085, 873, 1521, 1911, 3693, 31839, 3582, 3775, 1337, 2372, 4082, 1654, 2943, 3621, 3650, 2650, 3587, 2634, 2890, 2508, 3359, 3289, 1354, 3750, 2188, 740, 3891, 2255, 3643, 1495, 2128, 2651, 0, 1862, 2664, 1627, 2243, 1621, 2616, 2621, 1046, 4239, 3075, 2164, 4402, 3181, 2067, 4222, 2998, 3393, 2438, 735, 1780, 3309, 1038, 2175, 30074, 4803, 3171, 2741, 550, 3406, 3498, 2482, 1808, 4062, 958, 3530, 3165, 1434, 4188, 1929, 1457, 634, 5135, 3081, 2129, 3079, 2171, 1895, 2290, 3612, 1686, 1862, 0, 2538, 836, 742, 2824, 1308, 3130, 887, 4053, 1291, 1636, 3955, 3411, 212, 3938, 4542, 4775, 3713, 2563, 1180, 1543, 828, 3777, 31646, 3000, 1205, 4000, 2522, 1521, 3432, 496, 3080, 1602, 2302, 1012, 1024, 1937, 3359, 2033, 2968, 2752, 3513, 1462, 2105, 1470, 424, 2862, 1357, 2586, 1208, 2664, 2538, 0, 3172, 2013, 4279, 1694, 982, 2683, 1614, 2670, 910, 1740, 922, 2552, 1567, 3324, 3217, 2300, 2809, 1367, 2728, 2366, 2908, 30231, 5028, 3942, 2112, 1322, 4193, 3254, 3202, 2492, 4591, 1771, 4184, 3623, 2269, 4128, 2763, 2128, 432, 5278, 3400, 2159, 3883, 2768, 2639, 2589, 3676, 2479, 1627, 836, 3172, 0, 1575, 2121, 2138, 3594, 645, 4751, 2033, 2318, 4708, 3978, 998, 4657, 4583, 4915, 3890, 2360, 1820, 2287, 892, 3771, 30053, 4621, 2475, 3325, 510, 2693, 3769, 1856, 1445, 3603, 439, 2952, 2808, 717, 4280, 1219, 1173, 1301, 5020, 2871, 2273, 2353, 1716, 1412, 2164, 3617, 987, 2243, 742, 2013, 1575, 0, 3456, 566, 2769, 1468, 3420, 899, 1116, 3269, 2928, 636, 3286, 4534, 4672, 3610, 2853, 828, 1098, 1267, 3837, 31884, 4810, 5358, 363, 3370, 5658, 2184, 4529, 4598, 5222, 3773, 5208, 4217, 4169, 3329, 4668, 4236, 2191, 4821, 3707, 2297, 5436, 3865, 4716, 3095, 3291, 4110, 1621, 2824, 4279, 2121, 3456, 0, 3949, 4208, 1988, 5860, 4108, 3700, 6012, 4790, 3028, 5841, 3961, 4498, 3738, 1812, 3252, 4362, 2221, 3186, 30083, 4526, 1952, 3790, 997, 2150, 4028, 1427, 1423, 3292, 640, 2543, 2613, 313, 4401, 742, 1275, 1842, 4972, 2801, 2499, 1799, 1495, 1265, 2202, 3689, 512, 2616, 1308, 1694, 2138, 566, 3949, 0, 2571, 1973, 2951, 977, 913, 2750, 2612, 1196, 2800, 4577, 4637, 3600, 3148, 912, 1058, 1730, 3945, 32610, 2018, 1990, 3882, 3254, 2277, 2881, 1465, 3990, 1035, 3126, 1211, 42, 2846, 2549, 2998, 3837, 3163, 2533, 658, 1911, 2340, 1077, 3797, 1127, 1792, 2131, 2621, 3130, 982, 3594, 2769, 4208, 2571, 0, 3004, 1847, 3536, 1678, 2234, 645, 3200, 1923, 2409, 2246, 1404, 2497, 1982, 3628, 2710, 2129, 30795, 4383, 3579, 1870, 1433, 3855, 2700, 2790, 2695, 4019, 1800, 3692, 3030, 2182, 3513, 2682, 2343, 308, 4634, 2770, 1516, 3582, 2264, 2770, 1963, 3037, 2196, 1046, 887, 2683, 645, 1468, 1988, 1973, 3004, 0, 4291, 2171, 1902, 4312, 3431, 1099, 4219, 3948, 4272, 3245, 1779, 1405, 2420, 318, 3142, 32083, 3299, 1111, 5565, 3919, 1141, 4727, 1572, 4099, 1322, 3589, 662, 1862, 3080, 4327, 2920, 4109, 4341, 3882, 2503, 3612, 1486, 2039, 3809, 2810, 3603, 2450, 4239, 4053, 1614, 4751, 3420, 5860, 2951, 1847, 4291, 0, 3842, 2435, 592, 1205, 4026, 227, 4056, 3704, 3147, 4272, 2931, 3808, 3974, 3939, 29175, 5460, 2776, 4032, 741, 2910, 4648, 2378, 552, 4267, 460, 3489, 3578, 767, 5178, 1025, 300, 1923, 5882, 3717, 3166, 2526, 2460, 608, 3045, 4511, 1474, 3075, 1291, 2670, 2033, 899, 4108, 977, 3536, 2171, 3842, 0, 1861, 3561, 3587, 1082, 3670, 5424, 5538, 4483, 3723, 1699, 255, 2050, 4735, 30995, 3613, 1683, 3469, 1621, 1970, 3332, 890, 2334, 2487, 1449, 1895, 1718, 1211, 3564, 1491, 2161, 1915, 4061, 1891, 1825, 1737, 605, 2173, 1351, 2827, 592, 2164, 1636, 910, 2318, 1116, 3700, 913, 1678, 1902, 2435, 1861, 0, 2411, 1815, 1642, 2339, 3692, 3729, 2700, 2532, 502, 1968, 1590, 3103, 31525, 3852, 798, 5739, 3745, 676, 5070, 1522, 3752, 1882, 3369, 1036, 2257, 2823, 4772, 2580, 3808, 4320, 4433, 2889, 3836, 1064, 2148, 3446, 3059, 4024, 2282, 4402, 3955, 1740, 4708, 3269, 6012, 2750, 2234, 4312, 592, 3561, 2411, 0, 1629, 3898, 383, 4550, 4236, 3601, 4528, 2912, 3493, 3998, 4362, 32463, 2344, 1532, 4474, 3435, 1782, 3526, 1268, 3980, 680, 3224, 593, 657, 2844, 3145, 2887, 3883, 3548, 2907, 1298, 2501, 1928, 1240, 3747, 1696, 2406, 2117, 3181, 3411, 922, 3978, 2928, 4790, 2612, 645, 3431, 1205, 3587, 1815, 1629, 0, 3443, 1295, 2932, 2668, 1972, 3120, 2230, 3635, 3122, 2743, 29900, 4925, 3107, 2950, 342, 3328, 3696, 2455, 1596, 4105, 774, 3528, 3236, 1284, 4362, 1770, 1245, 841, 5273, 3190, 2304, 2989, 2205, 1689, 2414, 3770, 1616, 2067, 212, 2552, 998, 636, 3028, 1196, 3200, 1099, 4026, 1082, 1642, 3898, 3443, 0, 3901, 4700, 4915, 3850, 2761, 1223, 1335, 1030, 3946, 31857, 3474, 912, 5554, 3779, 918, 4789, 1458, 3910, 1501, 3435, 712, 1942, 2913, 4438, 2730, 3932, 4253, 4056, 2581, 3619, 1272, 1990, 3615, 2825, 3701, 2306, 4222, 3938, 1567, 4657, 3286, 5841, 2800, 1923, 4219, 227, 3670, 2339, 383, 1295, 3901, 0, 4194, 3865, 3262, 4294, 2840, 3627, 3902, 4038, 34581, 1110, 4398, 3602, 4901, 4680, 1798, 3820, 5952, 2783, 4966, 3520, 2374, 4887, 662, 5175, 5706, 4232, 881, 1867, 2441, 4747, 3226, 5838, 2382, 930, 4266, 2998, 4542, 3324, 4583, 4534, 3961, 4577, 2409, 3948, 4056, 5424, 3692, 4550, 2932, 4700, 4194, 0, 630, 1025, 2332, 3726, 5587, 3792, 825, 34712, 508, 4188, 4135, 5080, 4449, 2375, 3708, 6046, 2390, 5089, 3232, 2206, 4940, 1276, 5174, 5830, 4537, 362, 1839, 2758, 4564, 3200, 5901, 2515, 1267, 4272, 3393, 4775, 3217, 4915, 4672, 4498, 4637, 2246, 4272, 3704, 5538, 3729, 4236, 2668, 4915, 3865, 630, 0, 1066, 2787, 3846, 5679, 4079, 1312, 33658, 1148, 3391, 3376, 4014, 3681, 1852, 2796, 4998, 1963, 4031, 2565, 1372, 3906, 1181, 4171, 4773, 3499, 1423, 843, 1750, 3731, 2210, 4865, 1449, 530, 3263, 2438, 3713, 2300, 3890, 3610, 3738, 3600, 1404, 3245, 3147, 4483, 2700, 3601, 1972, 3850, 3262, 1025, 1066, 0, 1937, 2787, 4631, 3035, 832, 32574, 3042, 3995, 1456, 3047, 4310, 935, 3179, 4274, 3472, 3280, 3610, 2498, 3444, 1798, 3880, 3955, 2086, 3134, 1933, 718, 4178, 2448, 4265, 1470, 1531, 3085, 735, 2563, 2809, 2360, 2853, 1812, 3148, 2497, 1779, 4272, 3723, 2532, 4528, 3120, 2761, 4294, 2332, 2787, 1937, 0, 2252, 3944, 1736, 1509, 30872, 3794, 2175, 3043, 1280, 2454, 3119, 1393, 2226, 2885, 1245, 2372, 2019, 1221, 3509, 1630, 1987, 1414, 4193, 2044, 1589, 2196, 990, 2131, 1346, 2819, 873, 1780, 1180, 1367, 1820, 828, 3252, 912, 1982, 1405, 2931, 1699, 502, 2912, 2230, 1223, 2840, 3726, 3846, 2787, 2252, 0, 1862, 1096, 3058, 29035, 5581, 2721, 4283, 993, 2829, 4865, 2397, 368, 4311, 664, 3495, 3670, 792, 5363, 917, 326, 2176, 6018, 3848, 3370, 2441, 2553, 354, 3205, 4681, 1521, 3309, 1543, 2728, 2287, 1098, 4362, 1058, 3628, 2420, 3808, 255, 1968, 3493, 3635, 1335, 3627, 5587, 5679, 4631, 3944, 1862, 0, 2290, 4915, 30874, 4162, 3271, 2064, 1335, 3550, 2671, 2476, 2591, 3717, 1642, 3375, 2737, 1963, 3396, 2457, 2254, 471, 4441, 2510, 1352, 3284, 1947, 2632, 1698, 2868, 1911, 1038, 828, 2366, 892, 1267, 2221, 1730, 2710, 318, 3974, 2050, 1590, 3998, 3122, 1030, 3902, 3792, 4079, 3035, 1736, 1096, 2290, 0, 3003, 33846, 1657, 4071, 2823, 4168, 4373, 1102, 3391, 5275, 2792, 4275, 3331, 2105, 4258, 462, 4592, 5008, 3432, 1642, 1486, 1653, 4376, 2720, 5188, 1753, 337, 3693, 2175, 3777, 2908, 3771, 3837, 3186, 3945, 2129, 3142, 3939, 4735, 3103, 4362, 2743, 3946, 4038, 825, 1312, 832, 1509, 3058, 4915, 3003, 0

Time (same as Distance for all Modes: combustion, combustion+charging, electric, combustion+electric)
0, 39.17, 35.18, 36.31, 33.6, 35.04, 37.91, 35.33, 32.45, 37.45, 33.54, 36.36, 36.96, 33.72, 38.79, 33.53, 32.7, 34.52, 39.68, 37.22, 36.46, 34.71, 35.73, 32.63, 36.47, 38.1, 34.51, 36.04, 34.05, 35.83, 34.22, 34.02, 36.1, 34.06, 36.92, 34.86, 36.32, 33.03, 35.09, 35.69, 36.75, 33.85, 36.06, 39.15, 39.3, 38.1, 36.88, 34.95, 32.87, 34.95, 38.32, 39.17, 0, 9.3, 10.67, 10.12, 9.89, 6.61, 8.34, 11.89, 4.74, 10.04, 6.91, 4.74, 11.56, 4.13, 10.02, 11.51, 11.11, 1.94, 4.2, 6.95, 10.24, 7.32, 11.56, 6.03, 3.65, 9.9, 8.6, 11.53, 7.2, 10.06, 11.09, 11.54, 10.86, 4.84, 10.52, 7.92, 10.92, 8.67, 9.24, 5.63, 11.82, 8.34, 2.66, 1.69, 2.76, 7.3, 9.11, 11.16, 9.99, 3.98, 35.18, 9.3, 0, 10.21, 7.07, 1.46, 11.13, 2.77, 7.2, 4.89, 6.17, 2.53, 4.86, 4.87, 10.83, 4.37, 7.27, 8.55, 10.65, 6.22, 7.88, 1.92, 3.72, 6.49, 6.14, 8.98, 3.58, 9.06, 7.61, 2.89, 9.46, 5.94, 10.72, 4.68, 4.78, 8.59, 2.67, 6.66, 4.04, 2.66, 3.68, 7.46, 3.04, 10.56, 10.05, 8.14, 9.59, 5.22, 6.53, 7.85, 9.77, 36.31, 10.67, 10.21, 0, 7.9, 10.82, 4.4, 10.26, 10.9, 11.73, 8.81, 11.78, 9.33, 9.66, 7.14, 10.85, 10.04, 5.06, 10.7, 8.08, 4.74, 10.41, 8.62, 11.12, 6.67, 7.03, 9.39, 3.21, 6.58, 9.6, 5.07, 7.98, 1.68, 9.1, 9.32, 4.49, 11.13, 9.68, 8.33, 11.48, 10.74, 7.08, 11.11, 8.64, 9.92, 8.1, 3.49, 7.3, 10.28, 4.95, 6.78, 33.6, 10.12, 7.07, 7.9, 0, 7.55, 9.55, 5.66, 3.03, 9.86, 2.13, 8.31, 7.9, 2.44, 11.03, 3.55, 3.06, 2.84, 10.87, 7.95, 6.11, 6.7, 5.32, 3.23, 6.16, 9.54, 3.54, 5.69, 1.83, 6.05, 3.17, 1.7, 8.09, 3.32, 7.81, 3.44, 9.41, 2.47, 3.89, 8.99, 8.24, 1.58, 9.07, 11.76, 10.16, 9.63, 7.31, 3.07, 3.31, 3.2, 10, 35.04, 9.89, 1.46, 10.82, 7.55, 0, 11.89, 2.74, 7.39, 5.35, 6.6, 3, 5.54, 5.25, 11.54, 4.59, 7.55, 9.18, 11.25, 6.94, 8.63, 1.8, 4.47, 6.66, 6.9, 9.7, 4.13, 9.8, 8.17, 3.65, 10.06, 6.46, 11.32, 5.16, 5.46, 9.25, 2.74, 6.98, 4.73, 2.25, 4.28, 7.99, 3.06, 11.23, 10.68, 8.83, 10.34, 5.89, 6.79, 8.52, 10.5, 37.91, 6.61, 11.13, 4.4, 9.55, 11.89, 0, 9.27, 10.4, 8.93, 10.08, 9.79, 6.89, 10.39, 2.76, 11.39, 11.73, 7.22, 6.42, 5.36, 3.67, 11.7, 7.51, 10.36, 5.01, 3.18, 9.38, 3.97, 8.4, 8.24, 7.81, 9.05, 5.24, 9.67, 6.91, 6.48, 11.34, 11.16, 8, 10.14, 8.46, 8.87, 11.49, 4.32, 5.7, 4.44, 3.12, 7.49, 11.68, 6.41, 2.64, 35.33, 8.34, 2.77, 10.26, 5.66, 2.74, 9.27, 0, 6.56, 4.63, 4.96, 2.68, 3.61, 3.88, 9.23, 3.89, 6.4, 6.73, 9.6, 4.7, 5.91, 2.43, 2.45, 5.97, 4.26, 7.38, 3.05, 7.06, 5.96, 2.29, 7.68, 4.45, 10.87, 3.42, 3.52, 6.7, 3.77, 5.71, 2.97, 3.65, 3.04, 5.89, 3.5, 9.17, 8.9, 6.71, 7.63, 3.34, 5.75, 5.94, 8.14, 32.45, 11.89, 7.2, 10.9, 3.03, 7.39, 10.4, 6.56, 0, 11.17, 2.41, 9.16, 9.68, 2.75, 11.44, 2.83, 1.68, 5.84, 12.77, 10.12, 8.92, 6.46, 7, 1.49, 8.57, 10.09, 4.5, 8.69, 4.34, 7.39, 5.98, 3.47, 11.04, 3.42, 9.58, 6.47, 9.84, 1.84, 5.6, 9, 9.55, 3.83, 9.38, 11.9, 12.09, 12, 10.26, 5.34, 1.7, 6.22, 10.55, 37.45, 4.74, 4.89, 11.73, 9.86, 5.35, 8.93, 4.63, 11.17, 0, 9.37, 3.29, 2.44, 8.45, 7.51, 8.51, 10.95, 9.98, 6.14, 3.7, 7.03, 5.89, 4.56, 10.59, 5.18, 5.93, 6.71, 8.76, 9.75, 3.84, 11.02, 8.65, 10.44, 7.9, 2.48, 9.65, 3.17, 10.24, 5.97, 4.52, 2.27, 9.85, 3.6, 6.68, 5.74, 4.71, 8.33, 6.92, 10.35, 8.92, 6.7, 33.54, 10.04, 6.17, 8.81, 2.13, 6.6, 10.08, 4.96, 2.41, 9.37, 0, 7.63, 7.6, 1.91, 11.32, 2.45, 2.47, 3.8, 10.87, 7.86, 6.5, 5.71, 4.93, 3.31, 6.21, 9.72, 2.76, 6.36, 3.19, 5.52, 4.25, 2.03, 9.06, 2.13, 7.5, 4.32, 8.61, 2.12, 3.48, 8.09, 7.74, 2.58, 8.24, 11.92, 10.18, 9.67, 7.87, 2.99, 2.21, 3.94, 10.26, 36.36, 6.91, 2.53, 11.78, 8.31, 3, 9.79, 2.68, 9.16, 3.29, 7.63, 0, 2.95, 6.54, 8.97, 6.4, 9.06, 9.03, 8.28, 4.49, 7.08, 3.53, 3.43, 8.53, 5.16, 7.19, 4.87, 8.61, 8.47, 2.43, 10.04, 7.08, 10.42, 6.1, 2.91, 8.86, 2.21, 8.37, 4.55, 2.49, 1.98, 8.47, 2.37, 8.45, 7.76, 6.16, 8.66, 5.69, 8.39, 8.1, 7.99, 36.96, 4.74, 4.86, 9.33, 7.9, 5.54, 6.89, 3.61, 9.68, 2.44, 7.6, 2.95, 0, 6.93, 6.05, 7.3, 9.31, 7.66, 5.98, 2.14, 4.61, 5.7, 2.68, 9.21, 2.74, 4.24, 5.22, 6.32, 7.6, 2.46, 8.7, 6.74, 10.12, 6.27, 0.25, 7.27, 4.47, 8.59, 4.12, 5.42, 2.19, 7.77, 4.66, 5.7, 5.29, 3.29, 6, 4.85, 8.81, 6.57, 5.05, 33.72, 11.56, 4.87, 9.66, 2.44, 5.25, 10.39, 3.88, 2.75, 8.45, 1.91, 6.54, 6.93, 0, 11.31, 1.67, 2.52, 4.84, 10.54, 7.44, 6.73, 4.36, 4.26, 3.21, 6.03, 9.6, 2.43, 6.94, 3.44, 4.65, 5.45, 2.39, 10.01, 1.44, 6.83, 5.24, 7.39, 2.56, 2.91, 6.78, 6.83, 3.08, 6.99, 11.73, 11.86, 9.37, 8.27, 2.93, 2.64, 4.71, 10.22, 38.79, 4.13, 10.83, 7.14, 11.03, 11.54, 2.76, 9.23, 11.44, 7.51, 11.32, 8.97, 6.05, 11.31, 0, 10.11, 10.9, 9.14, 3.7, 4.61, 4.94, 11.58, 7.63, 11.28, 5.31, 2.58, 9.97, 6.02, 10.05, 8.06, 9.91, 10.27, 7.99, 10.56, 6.12, 8.43, 10.38, 10.36, 8.55, 11.45, 7.55, 10.47, 10.65, 2.21, 3.06, 2.83, 4.32, 8.42, 10.73, 8.15, 2.13, 33.53, 10.02, 4.37, 10.85, 3.55, 4.59, 11.39, 3.89, 2.83, 8.51, 2.45, 6.4, 7.3, 1.67, 10.11, 0, 2.97, 6.05, 10.99, 8.02, 7.72, 3.66, 4.74, 2.98, 6.81, 10.36, 3.03, 8.06, 4.63, 4.88, 6.63, 2.93, 11.2, 2.47, 7.2, 6.44, 7.01, 2.46, 3.58, 6.19, 6.93, 4.25, 6.55, 10.35, 10.35, 10.01, 9.31, 3.91, 3.06, 5.9, 11.02, 32.7, 11.51, 7.27, 10.04, 3.06, 7.55, 11.73, 6.4, 1.68, 10.95, 2.47, 9.06, 9.31, 2.52, 10.9, 2.97, 0, 4.98, 12.35, 9.63, 8.21, 6.62, 6.62, 1.92, 8, 11.5, 4.24, 7.89, 3.5, 7.12, 5.11, 2.82, 10.17, 3.06, 9.21, 5.62, 9.86, 1.38, 5.19, 9.14, 9.32, 2.99, 9.44, 11.41, 11.66, 11.46, 9.49, 4.77, 1.5, 5.41, 10.02, 34.52, 11.11, 8.55, 5.06, 2.84, 9.18, 7.22, 6.73, 5.84, 9.98, 3.8, 9.03, 7.66, 4.84, 9.14, 6.05, 4.98, 0, 11.76, 7.15, 4.3, 8.47, 5.63, 6.07, 5.2, 7.95, 5.11, 3.25, 2.11, 6.6, 1.99, 3.12, 5.26, 4.42, 7.59, 1.42, 10.42, 4.62, 4.6, 10.37, 8.52, 2.8, 10.21, 10.16, 10.89, 8.4, 5.01, 3.39, 5.22, 2.17, 8.24, 39.68, 1.94, 10.65, 10.7, 10.87, 11.25, 6.42, 9.6, 12.77, 6.14, 10.87, 8.28, 5.98, 10.54, 3.7, 10.99, 12.35, 11.76, 0, 5.21, 7.49, 11.58, 8.45, 12.47, 6.88, 3.9, 11.03, 9, 10.27, 8.43, 10.56, 10.04, 11.57, 11.93, 6.08, 11.12, 9.32, 11.76, 9.75, 10.64, 6.98, 10.55, 9.73, 2.94, 1.67, 3.42, 7.52, 10.06, 12.04, 10.66, 3.94, 37.22, 4.2, 6.22, 8.08, 7.95, 6.94, 5.36, 4.7, 10.12, 3.7, 7.86, 4.49, 2.14, 7.44, 4.61, 8.02, 9.63, 7.15, 5.21, 0, 3.48, 6.99, 3.29, 9.75, 2.71, 2.76, 5.85, 5.25, 7.39, 3.51, 8.16, 6.89, 8.9, 6.72, 2.19, 6.65, 6.01, 8.92, 4.54, 6.93, 3.12, 7.66, 6.19, 4.48, 4.41, 2.81, 4.64, 4.91, 9.24, 6.02, 3.57, 36.46, 6.95, 7.88, 4.74, 6.11, 8.63, 3.67, 5.91, 8.92, 7.03, 6.5, 7.08, 4.61, 6.73, 4.94, 7.72, 8.21, 4.3, 7.49, 3.48, 0, 8.3, 4.16, 8.82, 2.69, 3.65, 5.74, 2.47, 5.11, 5.05, 5.18, 5.46, 5.51, 6, 4.59, 3.64, 8.67, 7.6, 4.38, 9.21, 6, 5.53, 8.69, 5.86, 6.62, 4.2, 2.39, 3.81, 8.09, 3.24, 3.97, 34.71, 10.24, 1.92, 10.41, 6.7, 1.8, 11.7, 2.43, 6.46, 5.89, 5.71, 3.53, 5.7, 4.36, 11.58, 3.66, 6.62, 8.47, 11.58, 6.99, 8.3, 0, 4.19, 5.72, 6.69, 9.72, 3.37, 9.34, 7.39, 3.53, 9.32, 5.65, 10.87, 4.32, 5.62, 8.6, 3.57, 6.06, 4.17, 2.55, 4.63, 7.17, 3.05, 11.39, 10.95, 8.95, 10.03, 5.27, 5.86, 7.88, 10.5, 35.73, 7.32, 3.72, 8.62, 5.32, 4.47, 7.51, 2.45, 7, 4.56, 4.93, 3.43, 2.68, 4.26, 7.63, 4.74, 6.62, 5.63, 8.45, 3.29, 4.16, 4.19, 0, 6.56, 2.51, 5.8, 2.58, 5.41, 5.21, 1.96, 6.64, 4.12, 9.28, 3.59, 2.58, 5.43, 4.89, 5.9, 2.02, 5.16, 2.98, 5.29, 4.78, 7.74, 7.68, 5.3, 5.88, 3.3, 6.13, 4.67, 6.53, 32.63, 11.56, 6.49, 11.12, 3.23, 6.66, 10.36, 5.97, 1.49, 10.59, 3.31, 8.53, 9.21, 3.21, 11.28, 2.98, 1.92, 6.07, 12.47, 9.75, 8.82, 5.72, 6.56, 0, 8.3, 11.86, 4, 8.74, 4.55, 6.87, 6.33, 3.39, 11.32, 3.04, 9.11, 6.65, 9.14, 2.03, 5.22, 8.27, 8.99, 4.05, 8.68, 11.68, 11.8, 11.68, 10.24, 5.11, 1.63, 6.32, 10.38, 36.47, 6.03, 6.14, 6.67, 6.16, 6.9, 5.01, 4.26, 8.57, 5.18, 6.21, 5.16, 2.74, 6.03, 5.31, 6.81, 8, 5.2, 6.88, 2.71, 2.69, 6.69, 2.51, 8.3, 0, 3.57, 4.66, 3.59, 5.5, 3.26, 6.21, 5.19, 7.43, 5.28, 2.7, 4.71, 6.74, 7.31, 3.24, 7.34, 4.07, 5.79, 6.78, 5.72, 6.04, 3.48, 3.53, 3.23, 7.69, 4.08, 4.21, 38.1, 3.65, 8.98, 7.03, 9.54, 9.7, 3.18, 7.38, 10.09, 5.93, 9.72, 7.19, 4.24, 9.6, 2.58, 10.36, 11.5, 7.95, 3.9, 2.76, 3.65, 9.72, 5.8, 11.86, 3.57, 0, 8.19, 5.11, 8.67, 6.21, 8.82, 8.68, 7.9, 8.85, 4.3, 7.29, 8.65, 10.83, 6.78, 9.66, 5.77, 9.05, 8.88, 3.1, 3.04, 1.77, 3.67, 6.77, 11.23, 6.88, 1.56, 34.51, 9.9, 3.58, 9.39, 3.54, 4.13, 9.38, 3.05, 4.5, 6.71, 2.76, 4.87, 5.22, 2.43, 9.97, 3.03, 4.24, 5.11, 11.03, 5.85, 5.74, 3.37, 2.58, 4, 4.66, 8.19, 0, 6.36, 4.05, 2.9, 5.95, 3.29, 9.86, 1.71, 5.11, 5.27, 5.88, 3.54, 1.97, 5.48, 5.08, 3.88, 5.53, 10.24, 10.25, 7.83, 7.4, 2.91, 3.65, 4.59, 8.86, 36.04, 8.6, 9.06, 3.21, 5.69, 9.8, 3.97, 7.06, 8.69, 8.76, 6.36, 8.61, 6.32, 6.94, 6.02, 8.06, 7.89, 3.25, 9, 5.25, 2.47, 9.34, 5.41, 8.74, 3.59, 5.11, 6.36, 0, 4.47, 6.39, 3.9, 5.38, 3.89, 6.28, 6.29, 2.51, 10.17, 7.38, 5.19, 10.56, 7.63, 4.96, 10.13, 7.2, 8.14, 5.85, 2.45, 4.27, 7.94, 2.49, 5.22, 34.05, 11.53, 7.61, 6.58, 1.83, 8.17, 8.4, 5.96, 4.34, 9.75, 3.19, 8.47, 7.6, 3.44, 10.05, 4.63, 3.5, 2.11, 10.27, 7.39, 5.11, 7.39, 5.21, 4.55, 5.5, 8.67, 4.05, 4.47, 0, 6.09, 2.79, 2.47, 6.78, 3.14, 7.51, 2.96, 9.73, 3.1, 3.93, 9.49, 8.19, 0.98, 9.45, 10.9, 11.46, 8.91, 6.15, 2.83, 3.7, 2.76, 9.06, 35.83, 7.2, 2.89, 9.6, 6.05, 3.65, 8.24, 2.29, 7.39, 3.84, 5.52, 2.43, 2.46, 4.65, 8.06, 4.88, 7.12, 6.6, 8.43, 3.51, 5.05, 3.53, 1.96, 6.87, 3.26, 6.21, 2.9, 6.39, 6.09, 0, 7.61, 4.83, 10.27, 4.07, 3.27, 6.44, 3.87, 6.41, 3.03, 4.18, 3.07, 6.12, 3.76, 7.98, 7.72, 5.52, 6.74, 3.28, 6.55, 5.68, 6.98, 34.22, 10.06, 9.46, 5.07, 3.17, 10.06, 7.81, 7.68, 5.98, 11.02, 4.25, 10.04, 8.7, 5.45, 9.91, 6.63, 5.11, 1.99, 10.56, 8.16, 5.18, 9.32, 6.64, 6.33, 6.21, 8.82, 5.95, 3.9, 2.79, 7.61, 0, 3.78, 5.09, 5.13, 8.63, 2.15, 11.4, 4.88, 5.56, 11.3, 9.55, 3.33, 11.18, 11, 11.8, 9.34, 5.66, 4.37, 5.49, 2.97, 9.05, 34.02, 11.09, 5.94, 7.98, 1.7, 6.46, 9.05, 4.45, 3.47, 8.65, 2.03, 7.08, 6.74, 2.39, 10.27, 2.93, 2.82, 3.12, 10.04, 6.89, 5.46, 5.65, 4.12, 3.39, 5.19, 8.68, 3.29, 5.38, 2.47, 4.83, 3.78, 0, 8.29, 1.89, 6.65, 3.52, 8.21, 3, 2.68, 7.85, 7.03, 2.12, 7.89, 10.88, 11.21, 8.66, 6.85, 2.76, 2.64, 3.04, 9.21, 36.1, 11.54, 10.72, 1.68, 8.09, 11.32, 5.24, 10.87, 11.04, 10.44, 9.06, 10.42, 10.12, 10.01, 7.99, 11.2, 10.17, 5.26, 11.57, 8.9, 5.51, 10.87, 9.28, 11.32, 7.43, 7.9, 9.86, 3.89, 6.78, 10.27, 5.09, 8.29, 0, 9.48, 10.1, 4.77, 11.72, 9.86, 8.88, 12.02, 11.5, 7.27, 11.68, 9.51, 10.8, 8.97, 4.35, 7.8, 10.47, 5.33, 7.65, 34.06, 10.86, 4.68, 9.1, 3.32, 5.16, 9.67, 3.42, 3.42, 7.9, 2.13, 6.1, 6.27, 1.44, 10.56, 2.47, 3.06, 4.42, 11.93, 6.72, 6, 4.32, 3.59, 3.04, 5.28, 8.85, 1.71, 6.28, 3.14, 4.07, 5.13, 1.89, 9.48, 0, 6.17, 4.74, 7.08, 3.26, 3.04, 6.6, 6.27, 2.87, 6.72, 10.98, 11.13, 8.64, 7.56, 3.04, 2.54, 4.15, 9.47, 36.92, 4.84, 4.78, 9.32, 7.81, 5.46, 6.91, 3.52, 9.58, 2.48, 7.5, 2.91, 0.25, 6.83, 6.12, 7.2, 9.21, 7.59, 6.08, 2.19, 4.59, 5.62, 2.58, 9.11, 2.7, 4.3, 5.11, 6.29, 7.51, 3.27, 8.63, 6.65, 10.1, 6.17, 0, 7.21, 4.43, 8.49, 4.03, 5.36, 2.15, 7.68, 4.62, 5.78, 5.39, 3.37, 5.99, 4.76, 8.71, 6.5, 5.11, 34.86, 10.52, 8.59, 4.49, 3.44, 9.25, 6.48, 6.7, 6.47, 9.65, 4.32, 8.86, 7.27, 5.24, 8.43, 6.44, 5.62, 1.42, 11.12, 6.65, 3.64, 8.6, 5.43, 6.65, 4.71, 7.29, 5.27, 2.51, 2.96, 6.44, 2.15, 3.52, 4.77, 4.74, 7.21, 0, 10.3, 5.21, 4.56, 10.35, 8.23, 2.64, 10.13, 9.48, 10.25, 7.79, 4.27, 3.37, 5.81, 1.47, 7.54, 36.32, 7.92, 2.67, 11.13, 9.41, 2.74, 11.34, 3.77, 9.84, 3.17, 8.61, 2.21, 4.47, 7.39, 10.38, 7.01, 9.86, 10.42, 9.32, 6.01, 8.67, 3.57, 4.89, 9.14, 6.74, 8.65, 5.88, 10.17, 9.73, 3.87, 11.4, 8.21, 11.72, 7.08, 4.43, 10.3, 0, 9.22, 5.84, 1.97, 2.89, 9.66, 1.05, 9.73, 8.89, 7.55, 10.25, 7.03, 9.14, 9.54, 9.45, 33.03, 10.92, 6.66, 9.68, 2.47, 6.98, 11.16, 5.71, 1.84, 10.24, 2.12, 8.37, 8.59, 2.56, 10.36, 2.46, 1.38, 4.62, 11.76, 8.92, 7.6, 6.06, 5.9, 2.03, 7.31, 10.83, 3.54, 7.38, 3.1, 6.41, 4.88, 3, 9.86, 3.26, 8.49, 5.21, 9.22, 0, 4.47, 8.55, 8.61, 2.6, 8.81, 10.85, 11.08, 10.76, 8.94, 4.08, 1.18, 4.92, 11.36, 35.09, 8.67, 4.04, 8.33, 3.89, 4.73, 8, 2.97, 5.6, 5.97, 3.48, 4.55, 4.12, 2.91, 8.55, 3.58, 5.19, 4.6, 9.75, 4.54, 4.38, 4.17, 2.02, 5.22, 3.24, 6.78, 1.97, 5.19, 3.93, 3.03, 5.56, 2.68, 8.88, 3.04, 4.03, 4.56, 5.84, 4.47, 0, 5.79, 4.36, 3.94, 5.61, 8.86, 8.95, 6.48, 6.08, 1.67, 4.72, 3.82, 7.45, 35.69, 9.24, 2.66, 11.48, 8.99, 2.25, 10.14, 3.65, 9, 4.52, 8.09, 2.49, 5.42, 6.78, 11.45, 6.19, 9.14, 10.37, 10.64, 6.93, 9.21, 2.55, 5.16, 8.27, 7.34, 9.66, 5.48, 10.56, 9.49, 4.18, 11.3, 7.85, 12.02, 6.6, 5.36, 10.35, 1.97, 8.55, 5.79, 0, 3.91, 9.36, 1.77, 10.92, 10.17, 8.64, 10.87, 6.99, 8.38, 9.6, 10.47, 36.75, 5.63, 3.68, 10.74, 8.24, 4.28, 8.46, 3.04, 9.55, 2.27, 7.74, 1.98, 2.19, 6.83, 7.55, 6.93, 9.32, 8.52, 6.98, 3.12, 6, 4.63, 2.98, 8.99, 4.07, 5.77, 5.08, 7.63, 8.19, 3.07, 9.55, 7.03, 11.5, 6.27, 2.15, 8.23, 2.89, 8.61, 4.36, 3.91, 0, 8.26, 3.11, 7.04, 6.4, 4.73, 7.49, 5.35, 8.72, 7.49, 6.58, 33.85, 11.82, 7.46, 7.08, 1.58, 7.99, 8.87, 5.89, 3.83, 9.85, 2.58, 8.47, 7.77, 3.08, 10.47, 4.25, 2.99, 2.8, 10.55, 7.66, 5.53, 7.17, 5.29, 4.05, 5.79, 9.05, 3.88, 4.96, 0.98, 6.12, 3.33, 2.12, 7.27, 2.87, 7.68, 2.64, 9.66, 2.6, 3.94, 9.36, 8.26, 0, 9.36, 11.28, 11.8, 9.24, 6.63, 2.94, 3.2, 2.47, 9.47, 36.06, 8.34, 3.04, 11.11, 9.07, 3.06, 11.49, 3.5, 9.38, 3.6, 8.24, 2.37, 4.66, 6.99, 10.65, 6.55, 9.44, 10.21, 9.73, 6.19, 8.69, 3.05, 4.78, 8.68, 6.78, 8.88, 5.53, 10.13, 9.45, 3.76, 11.18, 7.89, 11.68, 6.72, 4.62, 10.13, 1.05, 8.81, 5.61, 1.77, 3.11, 9.36, 0, 10.07, 9.28, 7.83, 10.31, 6.82, 8.7, 9.36, 9.69, 39.15, 2.66, 10.56, 8.64, 11.76, 11.23, 4.32, 9.17, 11.9, 6.68, 11.92, 8.45, 5.7, 11.73, 2.21, 10.35, 11.41, 10.16, 2.94, 4.48, 5.86, 11.39, 7.74, 11.68, 5.72, 3.1, 10.24, 7.2, 10.9, 7.98, 11, 10.88, 9.51, 10.98, 5.78, 9.48, 9.73, 10.85, 8.86, 10.92, 7.04, 11.28, 10.07, 0, 2.1, 2.46, 5.6, 8.94, 11.17, 9.1, 2.75, 39.3, 1.69, 10.05, 9.92, 10.16, 10.68, 5.7, 8.9, 12.09, 5.74, 10.18, 7.76, 5.29, 11.86, 3.06, 10.35, 11.66, 10.89, 1.67, 4.41, 6.62, 10.95, 7.68, 11.8, 6.04, 3.04, 10.25, 8.14, 11.46, 7.72, 11.8, 11.21, 10.8, 11.13, 5.39, 10.25, 8.89, 11.08, 8.95, 10.17, 6.4, 11.8, 9.28, 2.1, 0, 2.56, 6.69, 9.23, 11.36, 9.79, 3.15, 38.1, 2.76, 8.14, 8.1, 9.63, 8.83, 4.44, 6.71, 12, 4.71, 9.67, 6.16, 3.29, 9.37, 2.83, 10.01, 11.46, 8.4, 3.42, 2.81, 4.2, 8.95, 5.3, 11.68, 3.48, 1.77, 7.83, 5.85, 8.91, 5.52, 9.34, 8.66, 8.97, 8.64, 3.37, 7.79, 7.55, 10.76, 6.48, 8.64, 4.73, 9.24, 7.83, 2.46, 2.56, 0, 4.65, 6.69, 11.11, 7.28, 2.77, 36.88, 7.3, 9.59, 3.49, 7.31, 10.34, 3.12, 7.63, 10.26, 8.33, 7.87, 8.66, 6, 8.27, 4.32, 9.31, 9.49, 5.01, 7.52, 4.64, 2.39, 10.03, 5.88, 10.24, 3.53, 3.67, 7.4, 2.45, 6.15, 6.74, 5.66, 6.85, 4.35, 7.56, 5.99, 4.27, 10.25, 8.94, 6.08, 10.87, 7.49, 6.63, 10.31, 5.6, 6.69, 4.65, 0, 5.4, 9.47, 4.17, 3.62, 34.95, 9.11, 5.22, 7.3, 3.07, 5.89, 7.49, 3.34, 5.34, 6.92, 2.99, 5.69, 4.85, 2.93, 8.42, 3.91, 4.77, 3.39, 10.06, 4.91, 3.81, 5.27, 3.3, 5.11, 3.23, 6.77, 2.91, 4.27, 2.83, 3.28, 4.37, 2.76, 7.8, 3.04, 4.76, 3.37, 7.03, 4.08, 1.67, 6.99, 5.35, 2.94, 6.82, 8.94, 9.23, 6.69, 5.4, 0, 4.47, 2.63, 7.34, 32.87, 11.16, 6.53, 10.28, 3.31, 6.79, 11.68, 5.75, 1.7, 10.35, 2.21, 8.39, 8.81, 2.64, 10.73, 3.06, 1.5, 5.22, 12.04, 9.24, 8.09, 5.86, 6.13, 1.63, 7.69, 11.23, 3.65, 7.94, 3.7, 6.55, 5.49, 2.64, 10.47, 2.54, 8.71, 5.81, 9.14, 1.18, 4.72, 8.38, 8.72, 3.2, 8.7, 11.17, 11.36, 11.11, 9.47, 4.47, 0, 5.5, 11.8, 34.95, 9.99, 7.85, 4.95, 3.2, 8.52, 6.41, 5.94, 6.22, 8.92, 3.94, 8.1, 6.57, 4.71, 8.15, 5.9, 5.41, 2.17, 10.66, 6.02, 3.24, 7.88, 4.67, 6.32, 4.08, 6.88, 4.59, 2.49, 2.76, 5.68, 2.97, 3.04, 5.33, 4.15, 6.5, 1.47, 9.54, 4.92, 3.82, 9.6, 7.49, 2.47, 9.36, 9.1, 9.79, 7.28, 4.17, 2.63, 5.5, 0, 7.21, 38.32, 3.98, 9.77, 6.78, 10, 10.5, 2.64, 8.14, 10.55, 6.7, 10.26, 7.99, 5.05, 10.22, 2.13, 11.02, 10.02, 8.24, 3.94, 3.57, 3.97, 10.5, 6.53, 10.38, 4.21, 1.56, 8.86, 5.22, 9.06, 6.98, 9.05, 9.21, 7.65, 9.47, 5.11, 7.54, 9.45, 11.36, 7.45, 10.47, 6.58, 9.47, 9.69, 2.75, 3.15, 2.77, 3.62, 7.34, 11.8, 7.21, 0, 0, 41.52, 37.29, 38.49, 35.62, 37.15, 40.18, 37.45, 34.4, 39.7, 35.55, 38.54, 39.18, 35.74, 41.11, 35.54, 34.66, 36.59, 42.06, 39.46, 38.64, 36.79, 37.87, 34.59, 38.66, 40.39, 36.58, 38.21, 36.09, 37.98, 36.28, 36.06, 38.26, 36.1, 39.13, 36.95, 38.5, 35.01, 37.19, 37.83, 38.96, 35.88, 38.23, 41.5, 41.65, 40.39, 39.09, 37.05, 34.84, 37.05, 40.62, 41.52, 0, 10.11, 11.6, 11.24, 10.75, 7.19, 9.07, 13.22, 5.16, 11.16, 7.51, 5.15, 12.57, 4.49, 11.13, 12.79, 12.08, 2.06, 4.57, 7.56, 11.13, 7.95, 12.84, 6.56, 3.97, 10.76, 9.34, 12.53, 7.83, 11.17, 12.05, 12.55, 11.81, 5.26, 11.43, 8.61, 12.13, 9.43, 10.05, 6.11, 12.85, 9.06, 2.9, 1.79, 2.99, 7.94, 9.9, 12.4, 10.86, 4.32, 37.29, 10.11, 0, 11.35, 7.69, 1.58, 12.1, 2.94, 7.82, 5.32, 6.71, 2.75, 5.28, 5.29, 11.77, 4.75, 7.9, 9.3, 11.57, 6.76, 8.56, 2.09, 4.04, 7.05, 6.68, 9.76, 3.89, 9.85, 8.27, 3.14, 10.28, 6.46, 11.91, 5.09, 5.19, 9.34, 2.9, 7.24, 4.39, 2.82, 4, 8.11, 3.22, 11.47, 10.93, 8.85, 10.42, 5.67, 7.1, 8.53, 10.62, 38.49, 11.6, 11.35, 0, 8.59, 12.02, 4.79, 11.15, 11.85, 12.75, 9.57, 12.81, 10.15, 10.51, 7.76, 11.79, 10.91, 5.5, 11.63, 8.78, 5.15, 11.57, 9.37, 12.09, 7.25, 7.64, 10.21, 3.49, 7.15, 10.43, 5.51, 8.67, 1.82, 9.89, 10.13, 4.88, 12.37, 10.52, 9.05, 12.75, 11.67, 7.7, 12.34, 9.4, 10.79, 8.81, 3.8, 7.94, 11.17, 5.38, 7.36, 35.62, 11.24, 7.69, 8.59, 0, 8.21, 10.39, 6.16, 3.29, 10.72, 2.31, 9.03, 8.59, 2.65, 11.99, 3.86, 3.24, 3.09, 12.08, 8.64, 6.64, 7.28, 5.78, 3.51, 6.69, 10.37, 3.84, 6.19, 1.94, 6.58, 3.45, 1.8, 8.79, 3.52, 8.49, 3.74, 10.22, 2.62, 4.23, 9.77, 8.96, 1.71, 9.86, 12.79, 11.29, 10.47, 7.95, 3.34, 3.5, 3.48, 10.87, 37.15, 10.75, 1.58, 12.02, 8.21, 0, 12.92, 2.98, 8.03, 5.81, 7.17, 3.27, 6.03, 5.71, 12.55, 4.99, 8.21, 9.98, 12.23, 7.54, 9.38, 1.95, 4.86, 7.23, 7.5, 10.54, 4.49, 10.65, 8.89, 3.97, 10.94, 7.03, 12.57, 5.61, 5.94, 10.06, 2.98, 7.59, 5.14, 2.39, 4.65, 8.68, 3.24, 12.21, 11.61, 9.6, 11.24, 6.4, 7.38, 9.26, 11.41, 40.18, 7.19, 12.1, 4.79, 10.39, 12.92, 0, 10.07, 11.56, 9.7, 10.96, 10.64, 7.48, 11.3, 3, 12.38, 12.75, 7.85, 6.98, 5.83, 3.99, 12.71, 8.17, 11.51, 5.45, 3.46, 10.2, 4.31, 9.13, 8.95, 8.49, 9.83, 5.7, 10.51, 7.52, 7.04, 12.33, 12.13, 8.69, 11.27, 9.2, 9.64, 12.49, 4.69, 6.2, 4.83, 3.3, 8.14, 12.69, 6.97, 2.87, 37.45, 9.07, 2.94, 11.15, 6.16, 2.98, 10.07, 0, 7.13, 5.03, 5.39, 2.91, 3.93, 4.22, 10.03, 4.23, 6.95, 7.31, 10.43, 5.11, 6.43, 2.64, 2.59, 6.49, 4.63, 8.02, 3.23, 7.68, 6.47, 2.48, 8.35, 4.84, 11.81, 3.72, 3.82, 7.28, 4.1, 6.2, 3.14, 3.97, 3.31, 6.4, 3.8, 9.97, 9.67, 7.29, 8.29, 3.63, 6.25, 6.46, 8.85, 34.4, 13.22, 7.82, 11.85, 3.29, 8.03, 11.56, 7.13, 0, 12.14, 2.62, 9.96, 10.52, 2.99, 12.71, 3.08, 1.82, 6.34, 14.19, 11, 9.69, 7.02, 7.61, 1.62, 9.31, 11.21, 4.89, 9.45, 4.72, 8.03, 6.5, 3.77, 11.99, 3.71, 10.41, 7.03, 10.69, 1.95, 6.09, 9.79, 10.38, 4.16, 10.2, 13.23, 13.44, 13.04, 11.15, 5.81, 1.84, 6.76, 11.72, 39.7, 5.16, 5.32, 12.75, 10.72, 5.81, 9.7, 5.03, 12.14, 0, 10.18, 3.48, 2.66, 9.19, 8.17, 9.25, 11.9, 10.85, 6.68, 4.02, 7.65, 6.4, 4.96, 11.51, 5.63, 6.44, 7.29, 9.52, 10.6, 4.18, 11.98, 9.4, 11.6, 8.59, 2.7, 10.48, 3.45, 11.13, 6.49, 4.91, 2.4, 10.71, 3.92, 7.26, 6.23, 5.12, 9.06, 7.53, 11.25, 9.7, 7.28, 35.55, 11.16, 6.71, 9.57, 2.31, 7.17, 10.96, 5.39, 2.62, 10.18, 0, 8.3, 8.26, 2.02, 12.31, 2.66, 2.62, 4.13, 12.08, 8.54, 7.07, 6.21, 5.36, 3.5, 6.75, 10.57, 3, 6.91, 3.38, 6.01, 4.62, 2.2, 9.84, 2.26, 8.15, 4.7, 9.36, 2.3, 3.78, 8.79, 8.41, 2.73, 8.96, 12.95, 11.31, 10.52, 8.56, 3.25, 2.34, 4.28, 11.15, 38.54, 7.51, 2.75, 12.81, 9.03, 3.27, 10.64, 2.91, 9.96, 3.48, 8.3, 0, 3.21, 7.11, 9.75, 6.95, 9.85, 9.82, 9.01, 4.88, 7.7, 3.83, 3.73, 9.27, 5.61, 7.81, 5.3, 9.36, 9.21, 2.64, 10.91, 7.7, 11.57, 6.63, 3.16, 9.63, 2.34, 9.1, 4.94, 2.7, 2.09, 9.2, 2.51, 9.18, 8.43, 6.69, 9.42, 6.19, 9.12, 8.8, 8.69, 39.18, 5.15, 5.28, 10.15, 8.59, 6.03, 7.48, 3.93, 10.52, 2.66, 8.26, 3.21, 0, 7.53, 6.58, 7.93, 10.12, 8.33, 6.5, 2.26, 5.01, 6.2, 2.92, 10.01, 2.98, 4.61, 5.67, 6.87, 8.26, 2.67, 9.45, 7.33, 11, 6.82, 0.25, 7.9, 4.86, 9.33, 4.48, 5.89, 2.32, 8.44, 5.07, 6.19, 5.75, 3.58, 6.52, 5.27, 9.57, 7.14, 5.49, 35.74, 12.57, 5.29, 10.51, 2.65, 5.71, 11.3, 4.22, 2.99, 9.19, 2.02, 7.11, 7.53, 0, 12.3, 1.77, 2.74, 5.26, 11.72, 8.09, 7.31, 4.73, 4.63, 3.4, 6.56, 10.44, 2.57, 7.54, 3.74, 5.05, 5.92, 2.53, 10.88, 1.57, 7.42, 5.69, 8.03, 2.71, 3.16, 7.36, 7.42, 3.35, 7.6, 12.75, 12.89, 10.19, 8.98, 3.19, 2.8, 5.12, 11.11, 41.11, 4.49, 11.77, 7.76, 11.99, 12.55, 3, 10.03, 12.71, 8.17, 12.31, 9.75, 6.58, 12.3, 0, 11.23, 12.11, 9.94, 4.03, 5.01, 5.37, 12.58, 8.3, 12.53, 5.78, 2.73, 10.84, 6.54, 10.93, 8.76, 10.77, 11.17, 8.68, 11.48, 6.65, 9.16, 11.29, 11.51, 9.3, 12.45, 8.2, 11.38, 11.58, 2.34, 3.33, 3.08, 4.69, 9.15, 11.92, 8.86, 2.31, 35.54, 11.13, 4.75, 11.79, 3.86, 4.99, 12.38, 4.23, 3.08, 9.25, 2.66, 6.95, 7.93, 1.77, 11.23, 0, 3.23, 6.57, 12.21, 8.72, 8.39, 3.98, 5.15, 3.15, 7.41, 11.26, 3.21, 8.76, 5.03, 5.3, 7.21, 3.18, 12.18, 2.62, 7.82, 7, 7.62, 2.67, 3.89, 6.73, 7.53, 4.62, 7.12, 11.5, 11.5, 10.88, 10.12, 4.25, 3.24, 6.41, 11.98, 34.66, 12.79, 7.9, 10.91, 3.24, 8.21, 12.75, 6.95, 1.82, 11.9, 2.62, 9.85, 10.12, 2.74, 12.11, 3.23, 0, 5.41, 13.72, 10.47, 8.93, 7.2, 7.2, 2.03, 8.69, 12.5, 4.61, 8.58, 3.8, 7.74, 5.55, 3.06, 11.05, 3.33, 10.01, 6.11, 10.72, 1.5, 5.64, 9.93, 10.13, 3.25, 10.26, 12.68, 12.96, 12.45, 10.32, 5.18, 1.63, 5.88, 11.13, 36.59, 12.08, 9.3, 5.5, 3.09, 9.98, 7.85, 7.31, 6.34, 10.85, 4.13, 9.82, 8.33, 5.26, 9.94, 6.57, 5.41, 0, 12.78, 7.78, 4.67, 9.21, 6.11, 6.6, 5.66, 8.65, 5.55, 3.53, 2.24, 7.18, 2.16, 3.39, 5.72, 4.81, 8.25, 1.54, 11.32, 5.02, 5, 11.27, 9.26, 2.97, 11.09, 11.04, 11.84, 9.13, 5.44, 3.69, 5.68, 2.36, 8.95, 42.06, 2.06, 11.57, 11.63, 12.08, 12.23, 6.98, 10.43, 14.19, 6.68, 12.08, 9.01, 6.5, 11.72, 4.03, 12.21, 13.72, 12.78, 0, 5.66, 8.14, 12.58, 9.18, 13.85, 7.48, 4.23, 11.99, 9.78, 11.41, 9.16, 11.73, 11.16, 12.58, 12.97, 6.61, 12.09, 10.13, 13.07, 10.59, 11.56, 7.58, 11.72, 10.58, 3.11, 1.81, 3.71, 8.18, 10.94, 13.37, 11.59, 4.28, 39.46, 4.57, 6.76, 8.78, 8.64, 7.54, 5.83, 5.11, 11, 4.02, 8.54, 4.88, 2.26, 8.09, 5.01, 8.72, 10.47, 7.78, 5.66, 0, 3.78, 7.59, 3.58, 10.6, 2.87, 3.01, 6.36, 5.71, 8.04, 3.81, 8.87, 7.49, 9.67, 7.31, 2.32, 7.23, 6.53, 9.7, 4.93, 7.54, 3.39, 8.32, 6.73, 4.87, 4.8, 2.98, 5.04, 5.33, 10.04, 6.55, 3.88, 38.64, 7.56, 8.56, 5.15, 6.64, 9.38, 3.99, 6.43, 9.69, 7.65, 7.07, 7.7, 5.01, 7.31, 5.37, 8.39, 8.93, 4.67, 8.14, 3.78, 0, 9.03, 4.52, 9.58, 2.85, 3.97, 6.23, 2.61, 5.55, 5.49, 5.63, 5.93, 5.99, 6.52, 4.99, 3.95, 9.42, 8.26, 4.76, 10.01, 6.52, 6.01, 9.44, 6.37, 7.19, 4.57, 2.53, 4.15, 8.79, 3.53, 4.31, 36.79, 11.13, 2.09, 11.57, 7.28, 1.95, 12.71, 2.64, 7.02, 6.4, 6.21, 3.83, 6.2, 4.73, 12.58, 3.98, 7.2, 9.21, 12.58, 7.59, 9.03, 0, 4.55, 6.22, 7.27, 10.57, 3.67, 10.15, 8.03, 3.83, 10.13, 6.14, 12.08, 4.69, 6.1, 9.34, 3.88, 6.59, 4.53, 2.78, 5.03, 7.8, 3.32, 12.38, 11.91, 9.73, 10.9, 5.73, 6.37, 8.57, 11.42, 37.87, 7.95, 4.04, 9.37, 5.78, 4.86, 8.17, 2.59, 7.61, 4.96, 5.36, 3.73, 2.92, 4.63, 8.3, 5.15, 7.2, 6.11, 9.18, 3.58, 4.52, 4.55, 0, 7.13, 2.73, 6.3, 2.81, 5.88, 5.66, 2.12, 7.22, 4.48, 10.08, 3.9, 2.81, 5.91, 5.32, 6.42, 2.14, 5.6, 3.23, 5.75, 5.19, 8.42, 8.35, 5.77, 6.39, 3.49, 6.66, 5.08, 7.1, 34.59, 12.84, 7.05, 12.09, 3.51, 7.23, 11.51, 6.49, 1.62, 11.51, 3.5, 9.27, 10.01, 3.4, 12.53, 3.15, 2.03, 6.6, 13.85, 10.6, 9.58, 6.22, 7.13, 0, 9.02, 12.89, 4.35, 9.5, 4.94, 7.47, 6.88, 3.68, 12.3, 3.3, 9.91, 7.23, 9.94, 2.15, 5.67, 8.99, 9.77, 4.41, 9.43, 12.97, 13.11, 12.69, 11.13, 5.56, 1.77, 6.87, 11.53, 38.66, 6.56, 6.68, 7.25, 6.69, 7.5, 5.45, 4.63, 9.31, 5.63, 6.75, 5.61, 2.98, 6.56, 5.78, 7.41, 8.69, 5.66, 7.48, 2.87, 2